crossing time (s)	slope (V/s)	crossing number
281474976710655.000000	5.333174	2228	403309330432.000000
281474976710655.000000	4.033354	2229	403310477312.000000
281474976710655.000000	5.097416	2230	403311427584.000000
281474976710655.000000	4.245307	2231	403312541696.000000
281474976710655.000000	4.909138	2232	403313491968.000000
281474976710655.000000	4.068274	2233	403314638848.000000
281474976710655.000000	5.686041	2234	403315589120.000000
281474976710655.000000	5.143234	2235	403316736000.000000
281474976710655.000000	4.954438	2236	403317686272.000000
281474976710655.000000	4.764894	2237	403318800384.000000
281474976710655.000000	5.117377	2238	403319750656.000000
281474976710655.000000	4.275408	2239	403320897536.000000
281474976710655.000000	5.735811	2240	403321847808.000000
281474976710655.000000	4.946652	2241	403322994688.000000
281474976710655.000000	4.804614	2242	403323912192.000000
281474976710655.000000	4.467633	2243	403325091840.000000
281474976710655.000000	5.436449	2244	403326009344.000000
281474976710655.000000	4.697431	2245	403327188992.000000
281474976710655.000000	5.814556	2246	403328073728.000000
281474976710655.000000	4.342257	2247	403329253376.000000
281474976710655.000000	5.483585	2248	403330170880.000000
281474976710655.000000	4.261006	2249	403331350528.000000
281474976710655.000000	5.497195	2250	403332235264.000000
281474976710655.000000	4.591577	2251	403333447680.000000
281474976710655.000000	5.792717	2252	403334332416.000000
281474976710655.000000	4.453921	2253	403335512064.000000
281474976710655.000000	5.998395	2254	403336429568.000000
281474976710655.000000	4.434513	2255	403337609216.000000
281474976710655.000000	5.772866	2256	403338526720.000000
281474976710655.000000	4.268564	2257	403339673600.000000
281474976710655.000000	6.214015	2258	403340623872.000000
281474976710655.000000	5.049143	2259	403341737984.000000
281474976710655.000000	6.075112	2260	403342721024.000000
281474976710655.000000	5.033499	2261	403343835136.000000
281474976710655.000000	6.074797	2262	403344785408.000000
281474976710655.000000	5.232236	2263	403345932288.000000
281474976710655.000000	6.214257	2264	403346882560.000000
281474976710655.000000	5.548515	2265	403347996672.000000
281474976710655.000000	6.166825	2266	403348979712.000000
281474976710655.000000	5.366947	2267	403350093824.000000
281474976710655.000000	6.351475	2268	403351044096.000000
281474976710655.000000	5.571847	2269	403352190976.000000
281474976710655.000000	6.264667	2270	403353141248.000000
281474976710655.000000	5.435039	2271	403354255360.000000
281474976710655.000000	6.393024	2272	403355238400.000000
281474976710655.000000	5.485420	2273	403356352512.000000
281474976710655.000000	6.410168	2274	403357302784.000000
281474976710655.000000	5.253940	2275	403358449664.000000
281474976710655.000000	6.834853	2276	403359399936.000000
281474976710655.000000	5.261231	2277	403360514048.000000
281474976710655.000000	6.779766	2278	403361464320.000000
281474976710655.000000	5.442029	2279	403362611200.000000
281474976710655.000000	6.820189	2280	403363561472.000000
281474976710655.000000	5.451282	2281	403364708352.000000
281474976710655.000000	6.904413	2282	403365625856.000000
281474976710655.000000	5.465878	2283	403366805504.000000
281474976710655.000000	6.537788	2284	403367723008.000000
281474976710655.000000	5.819956	2285	403368902656.000000
281474976710655.000000	6.952885	2286	403369787392.000000
281474976710655.000000	5.585797	2287	403370967040.000000
281474976710655.000000	6.278655	2288	403371884544.000000
281474976710655.000000	6.056737	2289	403373064192.000000
281474976710655.000000	6.912782	2290	403373981696.000000
281474976710655.000000	6.438250	2291	403375128576.000000
281474976710655.000000	6.391441	2292	403376046080.000000
281474976710655.000000	5.804742	2293	403377225728.000000
281474976710655.000000	7.103412	2294	403378143232.000000
281474976710655.000000	6.871221	2295	403379290112.000000
281474976710655.000000	6.870877	2296	403380240384.000000
281474976710655.000000	6.568764	2297	403381387264.000000
281474976710655.000000	6.626634	2298	403382304768.000000
281474976710655.000000	6.055559	2299	403383484416.000000
281474976710655.000000	7.507559	2300	403384401920.000000
281474976710655.000000	6.695209	2301	403385548800.000000
281474976710655.000000	7.070584	2302	403386499072.000000
281474976710655.000000	6.855336	2303	403387645952.000000
281474976710655.000000	6.862974	2304	403388563456.000000
281474976710655.000000	6.534026	2305	403389743104.000000
281474976710655.000000	7.766422	2306	403390660608.000000
281474976710655.000000	6.805376	2307	403391807488.000000
281474976710655.000000	6.692202	2308	403392757760.000000
281474976710655.000000	6.885624	2309	403393904640.000000
281474976710655.000000	7.619521	2310	403394822144.000000
281474976710655.000000	5.898644	2311	403396001792.000000
281474976710655.000000	7.526686	2312	403396919296.000000
281474976710655.000000	7.659226	2313	403398066176.000000
281474976710655.000000	7.195361	2314	403398983680.000000
281474976710655.000000	6.032651	2315	403400163328.000000
281474976710655.000000	8.148168	2316	403401080832.000000
281474976710655.000000	6.274932	2317	403402227712.000000
281474976710655.000000	7.659923	2318	403403177984.000000
281474976710655.000000	7.304766	2319	403404324864.000000
281474976710655.000000	7.816677	2320	403405275136.000000
281474976710655.000000	6.897295	2321	403406389248.000000
281474976710655.000000	8.366266	2322	403407372288.000000
281474976710655.000000	6.737501	2323	403408486400.000000
281474976710655.000000	7.608471	2324	403409436672.000000
281474976710655.000000	6.938644	2325	403410550784.000000
281474976710655.000000	8.308775	2326	403411533824.000000
281474976710655.000000	7.960220	2327	403412647936.000000
281474976710655.000000	8.146357	2328	403413630976.000000
281474976710655.000000	6.866978	2329	403414745088.000000
281474976710655.000000	7.637308	2330	403415695360.000000
281474976710655.000000	7.736233	2331	403416809472.000000
281474976710655.000000	8.589106	2332	403417792512.000000
281474976710655.000000	8.068269	2333	403418906624.000000
281474976710655.000000	8.698974	2334	403419889664.000000
281474976710655.000000	7.207253	2335	403421003776.000000
281474976710655.000000	8.439063	2336	403421954048.000000
281474976710655.000000	7.365819	2337	403423068160.000000
281474976710655.000000	8.979791	2338	403424051200.000000
281474976710655.000000	7.913921	2339	403425165312.000000
281474976710655.000000	8.473910	2340	403426115584.000000
281474976710655.000000	7.405497	2341	403427262464.000000
281474976710655.000000	8.578061	2342	403428212736.000000
281474976710655.000000	7.681719	2343	403429359616.000000
281474976710655.000000	8.905637	2344	403430277120.000000
281474976710655.000000	7.236613	2345	403431424000.000000
281474976710655.000000	8.632649	2346	403432374272.000000
281474976710655.000000	7.509206	2347	403433521152.000000
281474976710655.000000	9.162782	2348	403434438656.000000
281474976710655.000000	8.113785	2349	403435618304.000000
281474976710655.000000	8.079046	2350	403436535808.000000
281474976710655.000000	7.453974	2351	403437715456.000000
281474976710655.000000	8.886251	2352	403438632960.000000
281474976710655.000000	8.461617	2353	403439779840.000000
281474976710655.000000	8.133130	2354	403440697344.000000
281474976710655.000000	7.613411	2355	403441876992.000000
281474976710655.000000	8.634409	2356	403442794496.000000
281474976710655.000000	8.669107	2357	403443941376.000000
281474976710655.000000	8.398563	2358	403444891648.000000
281474976710655.000000	8.346662	2359	403446038528.000000
281474976710655.000000	8.359767	2360	403446956032.000000
281474976710655.000000	8.002393	2361	403448135680.000000
281474976710655.000000	8.854380	2362	403449053184.000000
281474976710655.000000	8.856633	2363	403450200064.000000
281474976710655.000000	8.385715	2364	403451117568.000000
281474976710655.000000	7.693430	2365	403452297216.000000
281474976710655.000000	8.819554	2366	403453214720.000000
281474976710655.000000	8.111481	2367	403454361600.000000
281474976710655.000000	8.905209	2368	403455311872.000000
281474976710655.000000	8.991505	2369	403456458752.000000
281474976710655.000000	8.961455	2370	403457376256.000000
281474976710655.000000	8.089755	2371	403458555904.000000
281474976710655.000000	9.054582	2372	403459473408.000000
281474976710655.000000	8.501652	2373	403460620288.000000
281474976710655.000000	9.247952	2374	403461570560.000000
281474976710655.000000	8.117106	2375	403462717440.000000
281474976710655.000000	9.322928	2376	403463667712.000000
281474976710655.000000	8.731529	2377	403464781824.000000
281474976710655.000000	9.143066	2378	403465764864.000000
281474976710655.000000	8.373733	2379	403466878976.000000
281474976710655.000000	9.210922	2380	403467829248.000000
281474976710655.000000	8.696579	2381	403468943360.000000
281474976710655.000000	9.620764	2382	403469926400.000000
281474976710655.000000	9.351958	2383	403471040512.000000
281474976710655.000000	9.499907	2384	403472023552.000000
281474976710655.000000	8.789849	2385	403473104896.000000
281474976710655.000000	10.078061	2386	403474087936.000000
281474976710655.000000	9.570299	2387	403475202048.000000
281474976710655.000000	9.884171	2388	403476185088.000000
281474976710655.000000	9.292974	2389	403477299200.000000
281474976710655.000000	9.265664	2390	403478249472.000000
281474976710655.000000	8.949062	2391	403479363584.000000
281474976710655.000000	9.970662	2392	403480346624.000000
281474976710655.000000	9.663983	2393	403481460736.000000
281474976710655.000000	10.132589	2394	403482443776.000000
281474976710655.000000	8.856483	2395	403483557888.000000
281474976710655.000000	10.159574	2396	403484508160.000000
281474976710655.000000	9.253154	2397	403485655040.000000
281474976710655.000000	10.049857	2398	403486572544.000000
281474976710655.000000	9.013489	2399	403487719424.000000
281474976710655.000000	9.556568	2400	403488669696.000000
281474976710655.000000	9.486525	2401	403489816576.000000
281474976710655.000000	9.943867	2402	403490734080.000000
281474976710655.000000	9.357593	2403	403491913728.000000
281474976710655.000000	9.510522	2404	403492831232.000000
281474976710655.000000	9.219560	2405	403493978112.000000
281474976710655.000000	9.798481	2406	403494928384.000000
281474976710655.000000	9.830034	2407	403496075264.000000
281474976710655.000000	9.670523	2408	403496992768.000000
281474976710655.000000	9.448979	2409	403498172416.000000
281474976710655.000000	9.737551	2410	403499089920.000000
281474976710655.000000	10.016348	2411	403500236800.000000
281474976710655.000000	9.953210	2412	403501187072.000000
281474976710655.000000	9.886922	2413	403502333952.000000
281474976710655.000000	9.916583	2414	403503251456.000000
281474976710655.000000	9.505840	2415	403504398336.000000
281474976710655.000000	10.512970	2416	403505348608.000000
281474976710655.000000	10.597599	2417	403506495488.000000
281474976710655.000000	10.117931	2418	403507412992.000000
281474976710655.000000	9.258668	2419	403508592640.000000
281474976710655.000000	10.370184	2420	403509510144.000000
281474976710655.000000	9.878377	2421	403510657024.000000
281474976710655.000000	10.565740	2422	403511607296.000000
281474976710655.000000	9.941462	2423	403512754176.000000
281474976710655.000000	10.734629	2424	403513671680.000000
281474976710655.000000	9.659739	2425	403514851328.000000
281474976710655.000000	11.185344	2426	403515768832.000000
281474976710655.000000	9.963060	2427	403516915712.000000
281474976710655.000000	10.704972	2428	403517865984.000000
281474976710655.000000	9.604225	2429	403519012864.000000
281474976710655.000000	11.239008	2430	403519963136.000000
281474976710655.000000	10.815063	2431	403521077248.000000
281474976710655.000000	11.203128	2432	403522060288.000000
281474976710655.000000	9.772190	2433	403523141632.000000
281474976710655.000000	11.371759	2434	403524124672.000000
281474976710655.000000	10.112011	2435	403525238784.000000
281474976710655.000000	11.395229	2436	403526221824.000000
281474976710655.000000	10.064520	2437	403527335936.000000
281474976710655.000000	10.850288	2438	403528318976.000000
281474976710655.000000	10.187843	2439	403529400320.000000
281474976710655.000000	10.918266	2440	403530383360.000000
281474976710655.000000	11.027317	2441	403531497472.000000
281474976710655.000000	10.712673	2442	403532480512.000000
281474976710655.000000	10.452914	2443	403533594624.000000
281474976710655.000000	10.924728	2444	403534544896.000000
281474976710655.000000	10.100510	2445	403535659008.000000
281474976710655.000000	11.417642	2446	403536642048.000000
281474976710655.000000	10.477274	2447	403537756160.000000
281474976710655.000000	10.846139	2448	403538706432.000000
281474976710655.000000	9.751225	2449	403539853312.000000
281474976710655.000000	10.971829	2450	403540803584.000000
281474976710655.000000	10.421353	2451	403541950464.000000
281474976710655.000000	11.173660	2452	403542867968.000000
281474976710655.000000	9.753157	2453	403544014848.000000
281474976710655.000000	11.413412	2454	403544965120.000000
281474976710655.000000	10.161496	2455	403546112000.000000
281474976710655.000000	11.694886	2456	403547029504.000000
281474976710655.000000	10.665975	2457	403548209152.000000
281474976710655.000000	10.812573	2458	403549126656.000000
281474976710655.000000	10.746809	2459	403550273536.000000
281474976710655.000000	11.033867	2460	403551223808.000000
281474976710655.000000	11.338609	2461	403552370688.000000
281474976710655.000000	11.053608	2462	403553288192.000000
281474976710655.000000	10.954339	2463	403554467840.000000
281474976710655.000000	10.921515	2464	403555385344.000000
281474976710655.000000	10.982880	2465	403556532224.000000
281474976710655.000000	11.453154	2466	403557482496.000000
281474976710655.000000	10.814789	2467	403558629376.000000
281474976710655.000000	11.436852	2468	403559546880.000000
281474976710655.000000	10.316387	2469	403560693760.000000
281474976710655.000000	11.371890	2470	403561644032.000000
281474976710655.000000	11.365221	2471	403562790912.000000
281474976710655.000000	10.993471	2472	403563708416.000000
281474976710655.000000	10.988152	2473	403564888064.000000
281474976710655.000000	11.067966	2474	403565805568.000000
281474976710655.000000	10.909400	2475	403566952448.000000
281474976710655.000000	11.806164	2476	403567902720.000000
281474976710655.000000	10.304914	2477	403569049600.000000
281474976710655.000000	11.857354	2478	403569999872.000000
281474976710655.000000	11.350041	2479	403571113984.000000
281474976710655.000000	12.193002	2480	403572064256.000000
281474976710655.000000	11.641186	2481	403573211136.000000
281474976710655.000000	11.723787	2482	403574161408.000000
281474976710655.000000	10.584834	2483	403575275520.000000
281474976710655.000000	12.099405	2484	403576258560.000000
281474976710655.000000	11.342556	2485	403577372672.000000
281474976710655.000000	11.566239	2486	403578355712.000000
281474976710655.000000	11.319433	2487	403579437056.000000
281474976710655.000000	11.616020	2488	403580420096.000000
281474976710655.000000	11.664664	2489	403581534208.000000
281474976710655.000000	11.900911	2490	403582517248.000000
281474976710655.000000	11.442533	2491	403583631360.000000
281474976710655.000000	11.710207	2492	403584581632.000000
281474976710655.000000	10.977687	2493	403585695744.000000
281474976710655.000000	12.359859	2494	403586678784.000000
281474976710655.000000	11.310601	2495	403587792896.000000
281474976710655.000000	11.841734	2496	403588775936.000000
281474976710655.000000	11.693261	2497	403589857280.000000
281474976710655.000000	11.432129	2498	403590840320.000000
281474976710655.000000	11.240658	2499	403591954432.000000
281474976710655.000000	12.162206	2500	403592937472.000000
281474976710655.000000	12.270536	2501	403594051584.000000
281474976710655.000000	12.501960	2502	403595001856.000000
281474976710655.000000	12.064965	2503	403596148736.000000
281474976710655.000000	12.426950	2504	403597099008.000000
281474976710655.000000	11.857992	2505	403598213120.000000
281474976710655.000000	11.583023	2506	403599163392.000000
281474976710655.000000	11.524408	2507	403600310272.000000
281474976710655.000000	11.817136	2508	403601260544.000000
281474976710655.000000	11.753841	2509	403602407424.000000
281474976710655.000000	11.720354	2510	403603324928.000000
281474976710655.000000	11.587338	2511	403604471808.000000
281474976710655.000000	11.601764	2512	403605422080.000000
281474976710655.000000	11.756995	2513	403606568960.000000
281474976710655.000000	12.557337	2514	403607519232.000000
281474976710655.000000	11.916898	2515	403608666112.000000
281474976710655.000000	11.248856	2516	403609583616.000000
281474976710655.000000	11.292996	2517	403610730496.000000
281474976710655.000000	11.700598	2518	403611680768.000000
281474976710655.000000	12.291674	2519	403612827648.000000
281474976710655.000000	11.962371	2520	403613745152.000000
281474976710655.000000	11.736876	2521	403614924800.000000
