time (s)	energy (uJ)	charge (mC)	voltage (mV)	crossing#mod 255
403309.332081	81.887840	0.035937	2.278666	180
403310.484216	48.025890	0.035938	1.336356	181
403311.429797	70.706177	0.035936	1.967535	182
403312.543909	50.263187	0.035936	1.398678	183
403313.494776	81.621605	0.035937	2.271237	184
403314.641318	47.211720	0.035936	1.313785	185
403315.593966	77.328514	0.035934	2.151933	186
403316.738660	49.345970	0.035937	1.373134	187
403317.692763	68.567505	0.035937	1.908013	188
403318.806966	51.459396	0.035934	1.432041	189
403319.757425	81.767044	0.035935	2.275391	190
403320.898528	55.072826	0.035939	1.532411	191
403321.862423	74.456619	0.035940	2.071680	192
403323.004069	52.498520	0.035937	1.460833	193
403323.918955	81.284683	0.035937	2.261871	194
403325.085881	44.746086	0.035941	1.244994	195
403326.012166	80.840408	0.035936	2.249563	196
403327.205136	39.881439	0.035935	1.109825	197
403328.074841	83.667351	0.035939	2.328021	198
403329.260048	48.917336	0.035935	1.361287	199
403330.184271	75.253632	0.035936	2.094090	200
403331.353276	41.350639	0.035937	1.150658	201
403332.238157	92.068306	0.035936	2.562005	202
403333.450338	38.275982	0.035936	1.065116	203
403334.372955	72.890533	0.035935	2.028390	204
403335.514530	43.429367	0.035933	1.208636	205
403336.436012	89.414764	0.035934	2.488314	206
403337.616091	40.087917	0.035935	1.115561	207
403338.533641	82.835594	0.035939	2.304912	208
403339.675638	45.661083	0.035935	1.270661	209
403340.626377	80.919426	0.035935	2.251830	210
403341.742191	51.407578	0.035939	1.430418	211
403342.727658	76.050316	0.035939	2.116091	212
403343.837558	52.070824	0.035934	1.449074	213
403344.787935	84.985970	0.035940	2.364663	214
403345.939488	50.478722	0.035937	1.404629	215
403346.885388	77.674286	0.035940	2.161216	216
403348.004846	144.666641	0.035936	4.025693	217
403348.984711	72.283264	0.035937	2.011385	218
403350.096541	55.851177	0.035937	1.554143	219
403351.046635	82.644142	0.035933	2.299954	220
403352.197596	51.342262	0.035936	1.428705	221
403353.143828	75.476868	0.035937	2.100250	222
403354.258123	56.169163	0.035936	1.563014	223
403355.277767	62.049759	0.035936	1.726678	224
403356.183085	61.416882	0.035934	1.709145	225
403357.311170	83.138474	0.035938	2.313401	226
403358.453365	48.260365	0.035940	1.342812	227
403359.401844	83.533768	0.035937	2.324447	228
403360.520816	52.659294	0.035936	1.465362	229
403361.341050	112.195946	0.035940	3.121717	230
403362.616171	50.930027	0.035934	1.417322	231
403363.561848	80.567581	0.035938	2.241863	232
403364.714884	49.314392	0.035939	1.372184	233
403365.624683	94.544739	0.035937	2.630829	234
403366.823653	42.584740	0.035938	1.184956	235
403367.729915	75.494308	0.035936	2.100810	236
403368.905447	46.167969	0.035934	1.284790	237
403369.795640	89.770203	0.035937	2.497995	238
403370.969829	56.378292	0.035938	1.568750	239
403371.886478	82.990372	0.035936	2.309376	240
403373.066684	52.468002	0.035936	1.460059	241
403373.984191	76.029984	0.035937	2.115635	242
403375.129175	59.833355	0.035940	1.664808	243
403376.048616	91.451134	0.035935	2.544905	244
403377.174127	76.512230	0.035934	2.129233	245
403378.146000	84.722107	0.035938	2.357427	246
403379.296633	63.739040	0.035935	1.773736	247
403380.249125	75.206131	0.035939	2.092590	248
403381.395310	60.845787	0.035935	1.693195	249
403382.176170	108.730316	0.035937	3.025612	250
403383.486968	53.593777	0.035934	1.491433	251
403384.404491	85.675003	0.035938	2.383971	252
403385.569230	58.801407	0.035939	1.636144	253
403386.499217	77.343063	0.035937	2.152175	254
403387.648369	63.320065	0.035935	1.762064	255
403388.566177	88.266403	0.035939	2.456000	0
403389.745700	50.292870	0.035941	1.399331	1
403390.661048	85.794220	0.035936	2.387436	2
403391.810076	66.975494	0.035935	1.863821	3
403392.764772	69.814964	0.035935	1.942807	4
403393.907215	61.174675	0.035937	1.702277	5
403394.824909	83.236374	0.035935	2.316308	6
403396.004314	51.587910	0.035934	1.435643	7
403396.920333	80.252380	0.035936	2.233176	8
403398.068401	62.702507	0.035941	1.744586	9
403398.986065	95.375488	0.035937	2.653969	10
403400.160803	52.502716	0.035934	1.461075	11
403401.087901	85.998024	0.035937	2.393035	12
403402.241329	60.709747	0.035934	1.689496	13
403403.173726	83.155067	0.035941	2.313681	14
403404.327525	51.534046	0.035937	1.434029	15
403405.278363	76.337868	0.035938	2.124151	16
403406.390353	61.980774	0.035939	1.724620	17
403407.375157	76.401299	0.035936	2.126010	18
403408.489143	56.504040	0.035935	1.572388	19
403409.448975	82.655418	0.035933	2.300250	20
403410.563395	60.308033	0.035935	1.678270	21
403411.531627	82.204460	0.035936	2.287505	22
403412.648036	61.430729	0.035935	1.709485	23
403413.633623	71.715782	0.035933	1.995802	24
403414.747513	56.656456	0.035936	1.576590	25
403415.697827	84.500641	0.035939	2.351225	26
403416.816139	67.556381	0.035938	1.879824	27
403417.772179	90.468658	0.035934	2.517613	28
403418.917752	55.790161	0.035935	1.552522	29
403419.887901	75.077141	0.035934	2.089281	30
403421.010452	55.449974	0.035939	1.542904	31
403421.960833	81.645393	0.035935	2.272028	32
403423.073404	61.922604	0.035934	1.723246	33
403424.053578	79.051353	0.035939	2.199583	34
403425.174354	55.765949	0.035934	1.551881	35
403426.128614	83.977959	0.035934	2.336990	36
403427.265429	55.028381	0.035936	1.531290	37
403428.219380	75.431656	0.035936	2.099043	38
403429.366213	50.789894	0.035934	1.413407	39
403430.280224	88.231117	0.035936	2.455246	40
403431.426688	64.544365	0.035936	1.796101	41
403432.376952	73.932571	0.035935	2.057400	42
403433.522579	58.427883	0.035936	1.625909	43
403434.441223	92.654289	0.035934	2.578432	44
403435.621141	57.815781	0.035940	1.608681	45
403436.537168	77.144699	0.035936	2.146719	46
403437.728623	48.020634	0.035935	1.336324	47
403438.640319	66.892654	0.035938	1.861348	48
403439.779073	61.533772	0.035936	1.712314	49
403440.700088	85.960846	0.035937	2.391973	50
403441.879447	54.427578	0.035935	1.514621	51
403442.796779	75.329498	0.035938	2.096071	52
403443.943966	62.149231	0.035934	1.729522	53
403444.892771	69.171524	0.035934	1.924942	54
403446.044851	59.218174	0.035941	1.647671	55
403446.958711	79.897865	0.035935	2.223372	56
403448.133867	53.689007	0.035933	1.494126	57
403449.056012	73.486488	0.035937	2.044870	58
403450.202826	62.470345	0.035936	1.738368	59
403451.129212	82.073288	0.035936	2.283870	60
403452.299966	58.099880	0.035939	1.616637	61
403453.217804	79.299873	0.035936	2.206679	62
403454.368027	60.376663	0.035935	1.680155	63
403455.313734	68.930130	0.035939	1.917986	64
403456.461442	56.805214	0.035936	1.580736	65
403457.383344	85.139824	0.035940	2.368942	66
403458.562856	49.238533	0.035937	1.370134	67
403459.476087	78.369148	0.035937	2.180717	68
403460.621721	60.694984	0.035936	1.688977	69
403461.576947	72.176666	0.035935	2.008543	70
403462.722620	51.275826	0.035935	1.426900	71
403463.670603	68.993492	0.035936	1.919920	72
403464.784435	59.025166	0.035939	1.642375	73
403465.771419	62.839119	0.035938	1.748543	74
403466.881579	54.417492	0.035935	1.514345	75
403467.968601	17.177298	0.035937	0.477988	76
403468.945036	63.688644	0.035935	1.772354	77
403469.927883	73.402229	0.035934	2.042692	78
403471.041383	59.034672	0.035936	1.642786	79
403472.025897	62.819889	0.035935	1.748145	80
403473.107968	70.507919	0.035937	1.961993	81
403474.096973	74.623428	0.035938	2.076462	82
403475.209058	60.434849	0.035939	1.681577	83
403476.182098	72.228119	0.035934	2.010034	84
403477.303677	56.111294	0.035935	1.561457	85
403478.249074	84.577888	0.035939	2.353353	86
403479.365044	65.506752	0.035935	1.822943	87
403480.351451	73.960373	0.035935	2.058187	88
403481.463523	57.738724	0.035935	1.606763	89
403482.444918	65.222740	0.035937	1.814940	90
403483.559806	55.097275	0.035935	1.533234	91
403484.510768	74.626320	0.035934	2.076747	92
403485.662664	51.444443	0.035936	1.431570	93
403486.622421	52.036598	0.035935	1.448093	94
403487.727411	62.202023	0.035939	1.730767	95
403488.675191	72.069618	0.035933	2.005644	96
403489.819400	62.131046	0.035936	1.728940	97
403490.740801	86.471924	0.035935	2.406312	98
403491.939651	45.706718	0.035937	1.271872	99
403492.837692	70.000092	0.035940	1.947705	100
403493.984787	65.935806	0.035935	1.834863	101
403494.930647	66.923286	0.035940	1.862071	102
403496.078059	62.218166	0.035932	1.731532	103
403496.992965	86.549652	0.035934	2.408595	104
403498.196590	45.260338	0.035935	1.259510	105
403499.092622	70.918320	0.035939	1.973284	106
403500.243389	64.961838	0.035934	1.807803	107
403501.195230	60.108273	0.035940	1.672462	108
403502.340514	59.696827	0.035934	1.661312	109
403503.259789	74.723198	0.035932	2.079552	110
403504.401178	73.348267	0.035936	2.041086	111
403505.350699	68.732506	0.035937	1.912594	112
403506.497932	65.601189	0.035936	1.825508	113
403507.415619	86.435333	0.035937	2.405219	114
403508.595007	58.171375	0.035938	1.618681	115
403509.509833	77.063049	0.035934	2.144599	116
403510.663878	66.815720	0.035939	1.859131	117
403511.607218	67.856079	0.035941	1.887990	118
403512.760458	58.804886	0.035936	1.636393	119
403513.678853	83.533661	0.035937	2.324465	120
403514.853990	47.917061	0.035936	1.333384	121
403515.775863	73.661728	0.035934	2.049890	122
403516.921333	57.304745	0.035935	1.594658	123
403517.868598	71.426392	0.035935	1.987659	124
403518.986059	64.516243	0.035937	1.795247	125
403519.965820	64.995354	0.035937	1.808606	126
403521.079914	58.390347	0.035940	1.624650	127
403522.057020	63.549015	0.035936	1.768372	128
403523.144181	70.074844	0.035940	1.949762	129
403524.131634	72.178780	0.035933	2.008714	130
403525.269352	51.967850	0.035934	1.446208	131
403526.224505	68.017174	0.035937	1.892659	132
403527.338462	55.623508	0.035937	1.547811	133
403528.321589	56.641899	0.035935	1.576224	134
403529.401710	69.892418	0.035937	1.944884	135
403530.386246	74.714058	0.035938	2.078972	136
403531.499765	60.157997	0.035937	1.673992	137
403532.487280	60.712288	0.035937	1.689403	138
403533.597298	54.287701	0.035933	1.510793	139
403534.555706	71.344025	0.035935	1.985369	140
403535.661589	64.556068	0.035933	1.796564	141
403536.641365	70.440254	0.035934	1.960263	142
403537.763329	57.574974	0.035938	1.602045	143
403538.707364	81.770531	0.035939	2.275276	144
403539.859634	50.379566	0.035937	1.401877	145
403540.806167	64.715668	0.035935	1.800921	146
403541.952974	50.081760	0.035937	1.393599	147
403542.868287	81.356812	0.035935	2.264005	148
403544.017418	64.455887	0.035936	1.793642	149
403544.965926	65.235466	0.035940	1.815107	150
403546.118542	58.157307	0.035935	1.618411	151
403547.039368	77.195038	0.035936	2.148120	152
403548.211863	54.153172	0.035937	1.506884	153
403549.128972	66.842163	0.035934	1.860153	154
403550.283352	61.685284	0.035939	1.716410	155
403551.231149	57.522156	0.035935	1.600718	156
403552.385348	55.579903	0.035937	1.546614	157
403553.290807	78.146561	0.035935	2.174671	158
403554.470567	51.839619	0.035936	1.442541	159
403555.384129	67.082901	0.035937	1.866670	160
403556.543534	60.784050	0.035937	1.691415	161
403557.485310	56.196800	0.035934	1.563896	162
403558.636938	56.132759	0.035933	1.562131	163
403559.549711	72.149094	0.035940	2.007500	164
403560.689671	74.713303	0.035935	2.079133	165
403561.651039	58.381893	0.035938	1.624523	166
403562.791944	61.335346	0.035938	1.706685	167
403563.713179	73.866615	0.035940	2.055304	168
403564.890448	54.885040	0.035935	1.527325	169
403565.812298	65.412010	0.035934	1.820354	170
403566.959073	60.861187	0.035935	1.693668	171
403567.903401	61.221008	0.035937	1.703583	172
403569.052321	50.679226	0.035934	1.410338	173
403570.012486	48.653625	0.035937	1.353869	174
403571.121442	61.332771	0.035935	1.706779	175
403572.066892	72.772926	0.035935	2.025138	176
403573.216361	52.758183	0.035935	1.468175	177
403574.167887	65.220428	0.035937	1.814873	178
403575.282635	60.549065	0.035939	1.684752	179
403576.260970	62.090134	0.035938	1.727712	180
403577.375124	54.756237	0.035934	1.523795	181
403578.358164	54.294193	0.035937	1.510810	182
403579.443599	64.629593	0.035938	1.798386	183
403580.403704	84.104599	0.035933	2.340574	184
403581.533841	59.432030	0.035935	1.653886	185
403582.523741	58.044155	0.035937	1.615149	186
403583.632273	52.998569	0.035934	1.474890	187
403584.583641	73.690300	0.035937	2.050550	188
403585.694633	66.569695	0.035933	1.852590	189
403586.667422	76.707352	0.035942	2.134178	190
403587.798375	54.259682	0.035936	1.509895	191
403588.778363	56.049721	0.035934	1.559788	192
403589.864415	66.757866	0.035934	1.857793	193
403590.846807	65.169006	0.035936	1.813464	194
403591.961617	60.785534	0.035937	1.691452	195
403592.944575	53.718094	0.035940	1.494666	196
403594.054411	57.433376	0.035933	1.598350	197
403595.009782	63.059536	0.035934	1.754858	198
403596.151205	53.078129	0.035934	1.477085	199
403597.087784	64.598686	0.035936	1.797620	200
403598.236492	56.493256	0.035935	1.572112	201
403599.145068	86.804451	0.035937	2.415449	202
403600.312738	61.921482	0.035938	1.722995	203
403601.267234	54.619999	0.035939	1.519781	204
403602.410213	56.976349	0.035938	1.585417	205
403603.331554	70.638199	0.035936	1.965642	206
403604.478521	69.557732	0.035939	1.935450	207
403605.425199	62.875057	0.035936	1.749646	208
403606.575147	57.739990	0.035940	1.606556	209
403607.526160	50.539234	0.035938	1.406275	210
403608.668520	57.119438	0.035938	1.589407	211
403609.586121	67.100822	0.035936	1.867226	212
403610.732206	66.270714	0.035934	1.844235	213
403611.682457	59.064137	0.035937	1.643556	214
403612.835945	55.368835	0.035937	1.540701	215
403613.723892	101.128105	0.035933	2.814335	216
