time (s)	energy (uJ)	charge (mC)	voltage (mV)	crossing#mod 255
404879.777765	59.478516	0.035937	1.655066	114
404880.858151	42.148449	0.035934	1.172938	115
404881.873709	58.651836	0.035936	1.632136	116
404882.949577	40.711658	0.035934	1.132951	117
404883.961537	59.252468	0.035935	1.648874	118
404885.019206	46.146805	0.035934	1.284194	119
404886.031092	62.045738	0.035933	1.726728	120
404887.111516	47.212677	0.035935	1.313851	121
404888.127135	64.050911	0.035934	1.782445	122
404889.209306	39.189102	0.035935	1.090562	123
404890.225434	57.093246	0.035936	1.588764	124
404891.306696	38.057491	0.035934	1.059081	125
404892.299321	58.305084	0.035937	1.622432	126
404893.374654	51.641644	0.035935	1.437096	127
404894.386878	56.626976	0.035936	1.575790	128
404895.459819	47.701363	0.035938	1.327319	129
404896.501486	51.590889	0.035936	1.435629	130
404897.565378	48.045746	0.035935	1.337022	131
404898.544773	61.918327	0.035933	1.723163	132
404899.634021	48.760159	0.035935	1.356893	133
404900.645731	52.655876	0.035938	1.465167	134
404901.698007	61.336781	0.035938	1.706758	135
404902.746752	53.615360	0.035935	1.492007	136
404903.791222	54.284088	0.035936	1.510573	137
404904.843620	57.458393	0.035936	1.598920	138
404905.855918	59.503887	0.035935	1.655854	139
404906.941373	49.027607	0.035940	1.364169	140
404907.952799	51.420605	0.035934	1.430987	141
404909.006031	60.552845	0.035933	1.685144	142
404910.054963	48.776405	0.035940	1.357160	143
404911.065939	62.472469	0.035934	1.738530	144
404912.146779	50.246773	0.035934	1.398302	145
404913.162640	59.276691	0.035940	1.649344	146
404914.250499	48.490696	0.035937	1.349327	147
404915.264020	52.858883	0.035934	1.470991	148
404916.340084	48.689579	0.035936	1.354901	149
404917.324560	58.987896	0.035937	1.641420	150
404918.404580	55.536381	0.035935	1.545452	151
404919.419859	57.118633	0.035935	1.589503	152
404920.502751	51.028408	0.035937	1.419924	153
404921.518835	52.843567	0.035936	1.470499	154
404922.571723	59.240139	0.035937	1.648431	155
404923.619969	64.733086	0.035936	1.801339	156
404924.662701	51.650772	0.035933	1.437409	157
404925.679561	59.200993	0.035938	1.647316	158
404926.761361	49.146427	0.035935	1.367664	159
404927.777151	54.245159	0.035937	1.509457	160
404928.825929	59.124046	0.035937	1.645206	161
404929.845424	61.601944	0.035938	1.714135	162
404930.904535	57.626637	0.035934	1.603658	163
404931.938621	56.680077	0.035938	1.577184	164
404933.020323	53.861443	0.035936	1.498798	165
404934.003240	66.381927	0.035934	1.847304	166
404935.117516	47.136711	0.035937	1.311647	167
404936.097502	64.655014	0.035934	1.799287	168
404937.181925	49.826210	0.035935	1.386558	169
404938.204386	61.107395	0.035937	1.700405	170
404939.256046	53.973793	0.035934	1.502008	171
404940.299626	58.174473	0.035935	1.618884	172
404941.340403	52.356129	0.035940	1.456751	173
404942.390830	57.928848	0.035938	1.611933	174
404943.406175	61.986725	0.035935	1.724974	175
404944.496133	48.923950	0.035939	1.361296	176
404945.509598	56.600628	0.035935	1.575073	177
404946.553521	59.052544	0.035936	1.643267	178
404947.609079	52.568718	0.035939	1.462732	179
404948.655450	53.034069	0.035939	1.475688	180
404949.704107	52.370644	0.035935	1.457382	181
404950.715042	58.982727	0.035935	1.641352	182
404951.765934	61.855618	0.035935	1.721333	183
404952.845256	31.691807	0.035935	0.881932	184
404953.864751	50.853920	0.035939	1.414994	185
404954.880941	57.470840	0.035935	1.599311	186
404955.957678	56.806404	0.035935	1.580799	187
404956.979227	55.807621	0.035935	1.552997	188
404958.055281	50.684982	0.035937	1.410382	189
404959.040037	62.791950	0.035934	1.747411	190
404960.119192	59.978191	0.035935	1.669068	191
404961.139016	60.497513	0.035937	1.683421	192
404962.221053	51.331730	0.035935	1.428473	193
404963.235592	54.501240	0.035941	1.516411	194
404964.314341	49.449722	0.035937	1.376030	195
404965.296713	64.541931	0.035939	1.795880	196
404966.378123	59.049091	0.035936	1.643175	197
404968.475264	53.008026	0.035937	1.475019	199
404969.489056	56.103100	0.035935	1.561236	200
404970.583160	46.628418	0.035934	1.297620	201
404971.555254	64.613060	0.035938	1.797890	202
404972.640742	55.794392	0.035940	1.552414	203
404973.659541	56.925491	0.035934	1.584154	204
404974.734238	54.369652	0.035934	1.513028	205
404975.750840	53.535240	0.035934	1.489802	206
404976.802763	62.590652	0.035941	1.741493	207
404977.818188	60.146198	0.035941	1.673482	208
404978.894278	55.735275	0.035937	1.550902	209
404979.915424	54.929707	0.035935	1.528572	210
404980.992381	54.661819	0.035940	1.520918	211
404982.012479	53.849972	0.035935	1.498528	212
404983.061061	59.773426	0.035934	1.663414	213
404984.072629	64.217224	0.035938	1.786907	214
404985.154336	53.077839	0.035941	1.476812	215
404986.171250	58.129402	0.035937	1.617536	216
404987.218533	63.066032	0.035936	1.754969	217
404988.271911	108.474289	0.035933	3.018758	218
404989.312750	57.114525	0.035934	1.589417	219
404990.364299	52.642498	0.035936	1.464883	220
404991.378513	64.223419	0.035937	1.787086	221
404992.460810	47.651814	0.035934	1.326097	222
404993.475284	55.013371	0.035936	1.530884	223
404994.526915	60.267708	0.035935	1.677125	224
404995.547355	64.154945	0.035935	1.785295	225
404996.627975	52.322479	0.035934	1.456060	226
404997.608325	75.337791	0.035936	2.096459	227
404998.691179	60.310600	0.035935	1.678323	228
404999.736052	54.983650	0.035936	1.530039	229
405000.791591	52.483688	0.035935	1.460513	230
405001.832032	51.901882	0.035941	1.444099	231
405002.869217	52.384151	0.035940	1.457559	232
405003.930147	53.524975	0.035936	1.489465	233
405004.949728	53.208710	0.035940	1.480482	234
405006.019478	49.556805	0.035935	1.379069	235
405007.014517	60.579727	0.035935	1.685815	236
405008.092681	57.069492	0.035935	1.588115	237
405009.104232	58.664570	0.035938	1.632392	238
405010.193376	48.903446	0.035936	1.360848	239
405011.204687	51.187538	0.035933	1.424511	240
405012.253051	61.648926	0.035935	1.715563	241
405013.272820	60.847588	0.035937	1.693153	242
405014.350538	54.790096	0.035936	1.524670	243
405015.366412	55.439941	0.035938	1.542658	244
405016.447303	50.359375	0.035936	1.401381	245
405017.434812	66.804420	0.035938	1.858879	246
405018.507211	60.306553	0.035935	1.678208	247
405019.532121	58.877609	0.035935	1.638433	248
405020.608844	53.234097	0.035936	1.481347	249
405021.624998	55.133636	0.035939	1.534107	250
405022.711087	46.641518	0.035936	1.297912	251
405023.688335	68.989037	0.035940	1.919552	252
405024.770734	52.845798	0.035942	1.470309	253
405025.794425	63.876896	0.035938	1.777408	254
405026.839307	59.195816	0.035939	1.647108	255
405027.887691	60.124668	0.035940	1.672928	0
405028.936050	51.049316	0.035936	1.420566	1
405029.985570	58.708530	0.035937	1.633635	2
405031.000641	62.630833	0.035936	1.742840	3
405032.076259	50.511154	0.035935	1.405622	4
405033.093899	57.419136	0.035940	1.597648	5
405034.141922	60.355843	0.035937	1.679480	6
405035.194991	50.834843	0.035937	1.414553	7
405036.239466	54.968906	0.035938	1.529529	8
405037.255729	66.376190	0.035939	1.846935	9
405038.303876	60.062435	0.035938	1.671294	10
405039.366491	53.286255	0.035936	1.482812	11
405040.404986	55.353489	0.035936	1.540357	12
405041.454875	50.330357	0.035936	1.400550	13
405042.497590	51.993969	0.035939	1.446709	14
405043.519897	64.452423	0.035936	1.793556	15
405044.562550	56.789318	0.035934	1.580373	16
405045.607899	59.807930	0.035938	1.664184	17
405046.651253	58.453846	0.035936	1.626595	18
405047.708308	50.641563	0.035940	1.409076	19
405048.756550	50.780685	0.035939	1.412951	20
405049.780338	60.152740	0.035934	1.673973	21
405050.824919	55.507229	0.035937	1.544561	22
405051.869689	53.233047	0.035936	1.481318	23
405052.938800	44.846313	0.035935	1.247984	24
405053.933963	64.709442	0.035938	1.800604	25
405055.015213	52.147076	0.035933	1.451214	26
405056.035185	58.589638	0.035937	1.630322	27
405057.079972	59.779369	0.035937	1.663427	28
405058.137645	108.010109	0.035935	3.005682	29
405059.181060	54.520340	0.035940	1.516997	30
405060.196926	57.314526	0.035936	1.594923	31
405061.274380	49.663681	0.035938	1.381921	32
405062.290059	53.579899	0.035935	1.491006	33
405063.338535	60.847881	0.035935	1.693297	34
405064.391423	46.435921	0.035934	1.292238	35
405065.435662	48.010078	0.035940	1.335846	36
405066.484335	49.039516	0.035939	1.364529	37
405067.499997	59.675568	0.035938	1.660517	38
405068.552780	55.286057	0.035939	1.538324	39
405069.560150	64.605774	0.035934	1.797905	40
405070.645696	55.586269	0.035935	1.546857	41
405071.657968	59.158253	0.035937	1.646176	42
405072.743061	50.650578	0.035937	1.409424	43
405073.759040	50.800385	0.035934	1.413695	44
405074.807886	58.990223	0.035943	1.641205	45
405075.823185	61.336182	0.035935	1.706842	46
405076.894849	58.594437	0.035940	1.630324	47
405077.920123	55.469982	0.035935	1.543635	48
405079.001367	48.262161	0.035934	1.343080	49
405080.016937	48.952251	0.035939	1.362110	50
405081.066396	57.961742	0.035935	1.612982	51
405082.081677	60.409554	0.035936	1.681009	52
405083.162872	52.075474	0.035936	1.449132	53
405084.178912	52.253910	0.035939	1.453944	54
405085.260378	46.976181	0.035936	1.307203	55
405086.248027	64.071823	0.035940	1.782725	56
405087.324874	53.742428	0.035936	1.495499	57
405088.342391	58.482521	0.035935	1.627437	58
405089.426029	46.571228	0.035938	1.295880	59
405090.443723	53.083084	0.035933	1.477274	60
405091.486253	54.271362	0.035935	1.510281	61
405092.533875	51.876530	0.035934	1.443652	62
405093.547604	62.300194	0.035934	1.733743	63
405094.638236	46.965561	0.035937	1.306880	64
405095.647727	52.745720	0.035941	1.467559	65
405096.700486	59.059734	0.035938	1.643374	66
405097.750296	43.353401	0.035936	1.206401	67
405098.791703	57.269764	0.035936	1.593660	68
405099.818432	53.709885	0.035933	1.494714	69
405100.893709	46.679653	0.035935	1.299000	70
405101.910960	49.321419	0.035935	1.372527	71
405102.954440	58.998734	0.035934	1.641862	72
405103.970889	62.884628	0.035941	1.749648	73
405105.052604	51.334225	0.035937	1.428463	74
405106.068865	58.102104	0.035934	1.616921	75
405107.154214	43.231476	0.035935	1.203058	76
405108.165214	50.521885	0.035935	1.405939	77
405109.203961	60.604912	0.035935	1.686535	78
405110.233389	53.565510	0.035937	1.490539	79
405111.300762	54.291607	0.035940	1.510637	80
405112.330707	52.590115	0.035936	1.463425	81
405113.379835	56.668957	0.035934	1.577011	82
405114.441170	39.265907	0.035934	1.092727	83
405115.479875	53.033356	0.035939	1.475652	84
405116.488172	56.798115	0.035934	1.580632	85
405117.569447	48.709572	0.035935	1.355509	86
405118.564120	60.747864	0.035937	1.690405	87
405119.638188	57.925228	0.035937	1.611837	88
405120.681944	44.141991	0.035936	1.228353	89
405121.735389	47.123009	0.035940	1.311161	90
405122.751068	54.768387	0.035934	1.524150	91
405123.795472	58.451954	0.035936	1.626535	92
405124.840553	53.775196	0.035934	1.496486	93
405125.891633	50.226624	0.035935	1.397715	94
405126.945256	48.507675	0.035934	1.349893	95
405127.956064	56.868702	0.035935	1.582536	96
405129.044087	45.379372	0.035935	1.262832	97
405130.053117	50.411499	0.035933	1.402920	98
405131.103169	57.223885	0.035937	1.592361	99
405132.118985	59.228661	0.035941	1.647951	100
405133.199644	51.327732	0.035938	1.428236	101
405134.213306	52.488350	0.035938	1.460538	102
405135.296461	46.144817	0.035938	1.284011	103
405136.312387	46.476246	0.035938	1.293236	104
405137.365254	54.480011	0.035939	1.515916	105
405138.366876	64.118835	0.035936	1.784245	106
405139.458574	48.356026	0.035939	1.345513	107
405140.474603	46.877888	0.035938	1.304405	108
405141.493112	77.842781	0.035938	2.166007	109
405142.539182	62.622013	0.035934	1.742674	110
405143.624538	48.065887	0.035933	1.337649	111
405144.636059	54.568726	0.035936	1.518489	112
405145.717645	45.769703	0.035939	1.273540	113
405146.737036	48.887878	0.035934	1.360495	114
405147.785574	51.200947	0.035939	1.424656	115
405148.834517	47.323654	0.035939	1.316792	116
405149.878948	43.416569	0.035934	1.208220	117
405150.893813	56.487728	0.035935	1.571954	118
405151.943335	60.721424	0.035936	1.689719	119
405152.998753	46.567860	0.035934	1.295918	120
405154.044922	43.685543	0.035937	1.215598	121
405155.060507	68.284599	0.035937	1.900093	122
405156.124826	47.377563	0.035936	1.318397	123
405157.163219	56.543396	0.035937	1.573384	124
405158.191201	52.680542	0.035938	1.465857	125
405159.250134	53.572323	0.035934	1.490848	126
405160.265623	59.627602	0.035935	1.659305	127
405161.347572	48.287251	0.035935	1.343729	128
405162.368172	51.531456	0.035935	1.434021	129
405163.414378	56.052734	0.035938	1.559723	130
405164.463073	44.300610	0.035936	1.232750	131
405165.516339	49.622593	0.035939	1.380749	132
405166.528905	57.143356	0.035936	1.590161	133
405167.617198	40.151920	0.035934	1.117380	134
405168.622312	49.777576	0.035934	1.385255	135
405169.674653	52.209480	0.035937	1.452816	136
405170.719078	44.242962	0.035934	1.231215	137
405171.768184	49.120579	0.035937	1.366836	138
405172.658974	139.940811	0.035934	3.894400	139
405173.831693	58.572460	0.035932	1.630087	140
405174.884511	44.955547	0.035935	1.251011	141
405175.928731	49.978725	0.035932	1.390924	142
405176.982141	43.285717	0.035936	1.204536	143
405177.998034	58.468975	0.035934	1.627105	144
405179.041981	57.733856	0.035933	1.606728	145
405180.095433	47.661724	0.035936	1.326279	146
405181.140188	53.153717	0.035934	1.479214	147
405182.158843	56.123528	0.035939	1.561641	148
405183.240583	49.191978	0.035937	1.368843	149
405184.249996	49.491550	0.035934	1.377294	150
405185.337792	44.925999	0.035940	1.250024	151
405186.316834	59.612755	0.035938	1.658784	152
405187.401898	54.307434	0.035937	1.511166	153
405188.411821	53.551773	0.035939	1.490063	154
405189.495571	49.320721	0.035936	1.372450	155
405190.514596	44.064129	0.035935	1.226201	156
405191.606421	37.609367	0.035935	1.046603	157
405192.575576	57.781631	0.035935	1.607962	158
405193.660443	50.265560	0.035935	1.398810	159
405194.735557	21.055517	0.035934	0.585955	160
405195.751667	49.740173	0.035939	1.384019	161
405196.798941	30.474728	0.035939	0.847958	162
