num crossings	time (s)	maj axis (mm)	min axis (mm)	theta (rad )	slope (V/s)
3699	404879.483461	35.449062	-14.743461	2.791355	3.962601
3701	404881.582029	36.205496	-14.549280	2.761415	2.742957
3703	404883.663305	37.585051	-13.337229	2.759520	4.706896
3705	404885.747187	36.191295	-14.463930	2.777956	4.036228
3707	404887.835854	36.162625	-12.536328	2.727837	3.937205
3709	404889.915125	37.323297	-14.187971	2.778186	4.793406
3711	404891.996107	29.980632	11.041464	2.674004	2.935420
3713	404894.084242	38.296722	-14.002403	2.777412	5.432032
3715	404896.176109	29.969361	11.468974	2.666452	3.809031
3717	404898.261705	30.103360	11.578358	2.659858	4.617966
3719	404900.362326	37.767823	-13.319218	2.776034	4.613857
3721	404902.459555	37.044256	-13.836144	2.756281	4.723050
3723	404904.550307	37.975036	-14.243295	2.693034	4.441220
3725	404906.632055	38.374609	-13.740402	2.691899	3.683787
3727	404908.703912	37.867312	-12.956340	2.717060	4.523914
3729	404910.778956	37.576317	-12.993772	2.772888	4.853031
3731	404912.855183	31.056889	10.457952	2.665474	5.344066
3733	404914.946897	37.248100	-11.536854	2.734428	5.634711
3735	404917.032884	39.300119	-10.349531	2.680100	4.813147
3737	404919.123317	30.828334	10.816339	2.647014	6.003495
3739	404921.215028	39.879178	-12.802535	2.747121	5.414740
3741	404923.303889	39.101301	-12.882209	2.740731	4.807775
3743	404925.391983	39.986593	-8.777215	2.672317	5.282818
3745	404927.475294	31.417950	10.486752	2.638177	4.808975
3747	404929.554915	40.028187	-11.290098	2.712375	5.725032
3749	404931.636097	39.587547	-11.818695	2.687714	4.792158
3751	404933.718323	38.534798	-10.081035	2.677484	5.565196
3753	404935.808673	32.156655	9.400155	2.626868	5.746678
3755	404937.900317	40.446499	-12.046084	2.705552	4.715140
3757	404939.998898	32.325751	9.253112	2.616970	5.499107
3759	404942.096588	31.988638	9.219208	2.615803	5.605164
3761	404944.182396	32.497693	9.474775	2.628356	5.962210
3763	404946.262907	41.526558	-11.805873	2.724122	5.596954
3765	404948.346592	42.374048	-10.248184	2.695627	5.354959
3767	404950.421044	40.325244	-11.372632	2.730138	6.233056
3769	404952.500352	32.521698	9.556465	2.611123	5.264291
3771	404954.584885	41.942626	-11.820194	2.702628	6.369173
3773	404956.670046	42.452345	-11.884572	2.692785	5.934153
3775	404958.751051	32.272994	9.012093	2.610807	6.831609
3777	404960.835832	40.396741	-10.023629	2.669707	6.433423
3779	404962.921488	41.664452	-11.045244	2.681031	6.135006
3781	404965.005781	41.138715	-9.197026	2.648023	6.023131
3783	404967.093011	33.387011	8.614872	2.616254	6.307251
3785	404969.179561	33.139518	8.601755	2.615644	5.982419
3787	404971.263513	33.094463	8.527986	2.614120	6.233084
3789	404973.350018	43.863568	-11.288731	2.679037	6.888468
3791	404975.437270	32.943075	8.574000	2.613985	6.865535
3793	404977.523074	42.328464	-10.687571	2.677921	7.034910
3795	404979.608438	42.419570	-9.071615	2.661531	6.735010
3797	404981.700721	42.635726	-8.893653	2.664497	6.764289
3799	404983.784499	42.907276	-10.390733	2.673377	6.562599
3801	404985.882323	41.726543	-5.778370	2.621464	6.308543
3803	404987.967729	43.612314	-8.526657	2.662921	7.821929
3805	404990.062766	41.124605	-4.432461	2.599989	7.256458
3807	404992.149950	34.633786	8.033101	2.580247	7.346335
3809	404994.236457	34.446780	8.182816	2.584213	7.495015
3811	404996.318075	42.909327	-10.238651	2.657701	6.726591
3813	404998.397193	43.420710	-9.234029	2.622773	6.150526
3815	405000.472207	42.364037	-9.479074	2.646134	6.686317
3817	405002.550200	34.403821	7.299715	2.589440	6.524513
3819	405004.632921	43.388705	-7.644444	2.635370	7.282426
3821	405006.721522	43.954408	-8.025269	2.641808	6.413083
3823	405008.805282	44.700963	-7.671148	2.625947	7.531215
3825	405010.892227	34.470175	7.737327	2.581567	7.917081
3827	405012.980186	44.228632	-9.672497	2.647333	7.668558
3829	405015.063178	44.437921	-6.641946	2.627128	7.107590
3831	405017.147505	42.394423	-7.857755	2.617223	7.689467
3833	405019.233509	44.602942	-8.284651	2.605376	6.702654
3835	405021.315167	42.661339	-6.693870	2.585156	7.252682
3837	405023.405661	35.428293	6.705656	2.569519	7.798810
3839	405025.501470	45.320974	-9.459897	2.634080	8.053482
3841	405027.594340	43.907017	-8.946156	2.644126	7.242089
3843	405029.688373	44.587674	-8.743425	2.643239	6.807608
3845	405031.772320	44.796485	-8.917528	2.662934	8.385214
3847	405033.854943	35.660533	6.779090	2.563919	8.423586
3849	405035.940520	46.826514	-9.765256	2.636600	7.659565
3851	405038.022556	35.684004	7.308723	2.566689	8.669190
3853	405040.104250	46.659719	-6.849368	2.598984	8.115143
3855	405042.189177	45.726225	-8.472726	2.652425	7.567260
3857	405044.273087	35.815060	6.843911	2.556429	8.752828
3859	405046.359258	35.335842	6.863908	2.548728	7.755183
3861	405048.445825	35.770670	6.901489	2.555330	8.086882
3863	405050.531415	46.283838	-6.723960	2.600758	8.320204
3865	405052.621024	43.496012	-2.185242	2.564886	7.061874
3867	405054.707983	47.949736	-9.128538	2.618046	8.521016
3869	405056.795678	47.397942	-8.848724	2.622767	8.725520
3871	405058.880334	45.999375	-6.761298	2.592275	8.127020
3873	405060.966214	46.015191	-7.480220	2.636506	9.055326
3875	405063.046531	44.112104	-7.389852	2.572141	9.236060
3877	405065.123177	46.300450	-7.431609	2.628927	8.968266
3879	405067.201756	36.484357	5.613120	2.551270	8.122480
3881	405069.281831	48.189887	-8.133030	2.620543	8.184001
3883	405071.364573	36.517659	5.624164	2.560714	8.034677
3885	405073.449970	36.037420	5.999002	2.558707	9.284340
3887	405075.536839	36.051163	5.996179	2.557215	8.291903
3889	405077.620321	45.431479	-5.817312	2.568694	8.382321
3891	405079.708067	46.990776	-5.458245	2.600943	9.119907
3893	405081.791131	36.135221	5.822440	2.555319	8.098254
3895	405083.873240	46.576903	-7.701930	2.595486	7.973336
3897	405085.958785	47.018176	-6.249880	2.568063	8.432469
3899	405088.048453	46.811783	-6.238026	2.568652	8.720816
3901	405090.137006	46.628675	-6.932401	2.590833	8.299267
3903	405092.229804	45.117023	-5.763620	2.575644	8.451585
3905	405094.321876	37.037200	5.134645	2.533416	8.567694
3907	405096.412887	45.617293	-5.610013	2.564544	9.245513
3909	405098.498540	47.386055	-6.852652	2.621116	9.474437
3911	405100.584153	47.775944	-5.545896	2.555824	8.656289
3913	405102.667320	47.718351	-6.764594	2.617436	9.064809
3915	405104.750408	49.503454	-7.927839	2.596839	8.858614
3917	405106.835641	48.833361	-5.090856	2.559540	9.087511
3919	405108.921255	44.926223	-1.501464	2.549327	9.450458
3921	405111.007488	49.151020	-7.788390	2.592402	9.823760
3923	405113.092293	47.592097	-6.992636	2.591165	10.288877
3925	405115.178546	47.717085	-1.416504	2.544624	9.048327
3927	405117.264773	49.798981	-7.495612	2.585726	9.123466
3929	405119.346107	46.576425	-5.895966	2.534156	9.557653
3931	405121.426599	48.135403	-5.195585	2.556525	9.166805
3933	405123.504493	47.783189	-5.859163	2.601298	8.558769
3935	405125.584933	37.990926	4.385215	2.527922	9.238451
3937	405127.663677	49.659325	-6.505842	2.590447	8.929262
3939	405129.745434	37.601938	4.537707	2.538987	9.337997
3941	405131.830988	37.362552	4.643950	2.535802	9.179558
3943	405133.915060	37.328119	4.726985	2.531131	10.264307
3945	405136.001443	37.515385	4.696036	2.533022	10.025692
3947	405138.087889	51.262419	-7.483179	2.565943	9.816883
3949	405140.169712	37.633765	4.557373	2.530962	9.166953
3951	405142.255986	37.623728	4.505130	2.531328	9.354238
3953	405144.341396	50.480664	-6.378618	2.569685	10.125221
3955	405146.428587	48.620373	-4.348958	2.542138	10.048454
3957	405148.520467	48.493012	-5.486456	2.561281	9.526920
3959	405150.607387	45.633729	-4.065177	2.552234	10.265316
3961	405152.699062	38.067591	4.025302	2.506679	7.727706
3963	405154.790611	37.439333	4.173920	2.508559	9.241558
3965	405156.871645	38.384558	4.131329	2.509157	10.083767
3967	405158.957062	38.153251	3.948883	2.508213	10.073000
3969	405161.043958	46.820170	-3.917036	2.527659	9.451663
3971	405163.128025	49.217481	-5.079494	2.590051	10.480595
3973	405165.214037	51.951329	-7.038376	2.555662	10.332440
3975	405167.297414	51.429328	-6.600556	2.558845	10.145989
3977	405169.380618	48.257132	-4.920562	2.497763	10.793672
3979	405171.465161	47.842166	-3.307758	2.563252	9.990978
3981	405173.549975	38.094895	3.707565	2.498006	10.426125
3983	405175.630686	50.635691	-6.363493	2.549840	10.078788
3985	405177.711176	49.328649	-5.227810	2.556204	9.474991
3987	405179.789952	49.849888	-3.463194	2.537161	9.848015
3989	405181.869118	50.369730	-3.285574	2.540416	9.924623
3991	405183.950131	50.293431	-4.733303	2.566243	10.329155
3993	405186.032650	51.831188	-5.149048	2.565494	9.745862
3995	405188.117940	51.947611	-5.654768	2.555035	10.566908
3997	405190.203514	46.170421	-3.087694	2.495107	9.970445
3999	405192.287056	50.177648	-3.170729	2.561499	10.828917
4001	405194.371343	52.388253	-5.679116	2.548098	10.887281
