time (s)	energy (uJ)	charge (mC)	voltage (mV)	crossing#mod 255
403910.335452	41.745998	0.035937	1.161633	242
403911.482215	53.472969	0.035936	1.488017	243
403912.428337	39.872223	0.035937	1.109509	244
403913.542415	60.713730	0.035939	1.689362	245
403914.496370	45.236546	0.035936	1.258807	246
403915.638782	59.476891	0.035938	1.654992	247
403916.590583	40.872398	0.035935	1.137390	248
403917.736409	56.998119	0.035935	1.586157	249
403918.654234	45.968464	0.035940	1.279035	250
403919.833841	53.434601	0.035935	1.486981	251
403920.750024	48.329639	0.035935	1.344902	252
403921.928225	51.193329	0.035935	1.424627	253
403922.852837	46.815155	0.035937	1.302705	254
403923.992202	58.297970	0.035935	1.622300	255
403924.919371	49.964752	0.035934	1.390443	0
403926.092318	52.747849	0.035935	1.467868	1
403927.010852	50.120655	0.035935	1.394744	2
403928.156723	60.454765	0.035936	1.682308	3
403929.106757	46.205376	0.035937	1.285718	4
403930.254512	56.557896	0.035938	1.573755	5
403931.204237	43.308369	0.035937	1.205129	6
403932.323189	62.718048	0.035935	1.745311	7
403933.269436	48.264538	0.035942	1.342852	8
403934.429468	59.697594	0.035934	1.661296	9
403935.371609	46.751556	0.035934	1.301049	10
403936.547693	46.821125	0.035938	1.302830	11
403937.452253	46.127678	0.035937	1.283566	12
403938.575399	60.985134	0.035937	1.697023	13
403939.564319	45.342720	0.035934	1.261831	14
403940.639978	65.383675	0.035932	1.819635	15
403942.743627	62.393299	0.035935	1.736304	17
403943.752753	43.173069	0.035937	1.201361	18
403944.900762	38.101814	0.035934	1.060319	19
403945.819722	50.824352	0.035933	1.414408	20
403946.898905	65.521393	0.035941	1.823005	21
403947.908438	50.188244	0.035936	1.396613	22
403948.996861	61.921005	0.035938	1.723002	23
403950.011501	45.427258	0.035935	1.264145	24
403951.126186	50.262623	0.035934	1.398764	25
403952.081227	48.989933	0.035935	1.363279	26
403953.149313	69.203156	0.035932	1.925949	27
403954.174501	49.249840	0.035935	1.370512	28
403955.259485	61.790554	0.035940	1.719262	29
403956.271726	44.153046	0.035936	1.228653	30
403957.352860	58.609543	0.035934	1.631032	31
403958.332939	48.330029	0.035935	1.344945	32
403959.422253	68.896957	0.035935	1.917246	33
403960.436816	44.653690	0.035939	1.242499	34
403961.511993	64.554504	0.035940	1.796176	35
403962.501685	47.180450	0.035935	1.312943	36
403963.610878	61.430618	0.035936	1.709468	37
403964.599676	42.337524	0.035936	1.178153	38
403965.709096	60.828312	0.035938	1.692605	39
403966.659167	50.336151	0.035934	1.400777	40
403967.800831	58.386375	0.035936	1.624713	41
403968.755765	45.910480	0.035935	1.277609	42
403969.871169	63.617062	0.035934	1.770407	43
403970.819804	54.041382	0.035937	1.503775	44
403971.968082	60.120102	0.035938	1.672864	45
403972.918803	51.124901	0.035941	1.422471	46
403974.064561	56.956879	0.035936	1.584947	47
403975.014949	47.175159	0.035934	1.312811	48
403976.129115	63.261948	0.035937	1.760355	49
403977.079328	54.516136	0.035934	1.517122	50
403978.226465	59.647591	0.035935	1.659896	51
403979.181909	176.207535	0.035936	4.903306	52
403980.290486	64.598778	0.035938	1.797500	53
403981.221360	62.074203	0.035936	1.727364	54
403982.357879	71.746979	0.035933	1.996712	55
403983.338255	55.486282	0.035940	1.543849	56
403984.452042	69.372368	0.035938	1.930309	57
403985.467788	43.406620	0.035935	1.207932	58
403986.553710	61.158592	0.035934	1.701952	59
403987.532403	49.462887	0.035940	1.376263	60
403988.611794	74.411385	0.035935	2.070697	61
403989.645952	47.273788	0.035939	1.315395	62
403990.712668	61.046165	0.035934	1.698859	63
403991.705762	54.224121	0.035937	1.508856	64
403992.774774	72.317947	0.035937	2.012367	65
403993.823557	45.304001	0.035934	1.260763	66
403994.872526	68.410492	0.035937	1.903640	67
403995.887882	54.736977	0.035937	1.523149	68
403996.973167	58.684555	0.035936	1.633026	69
403997.983329	49.857204	0.035937	1.387367	70
403999.033675	75.888100	0.035933	2.111909	71
404000.086752	42.963749	0.035934	1.195638	72
404001.117043	74.461456	0.035937	2.071995	73
404002.152984	49.699844	0.035936	1.383011	74
404003.254189	57.691120	0.035937	1.605327	75
404004.252207	48.862473	0.035938	1.359637	76
404005.303538	67.503487	0.035937	1.878399	77
404006.312463	49.064522	0.035939	1.365200	78
404007.389611	70.029289	0.035935	1.948782	79
404008.410098	49.196930	0.035935	1.369035	80
404009.490961	62.950233	0.035935	1.751793	81
404010.475147	50.377613	0.035936	1.401890	82
404011.584531	56.094852	0.035936	1.560978	83
404012.571050	54.338120	0.035941	1.511889	84
404013.648701	72.049126	0.035934	2.005018	85
404014.635332	58.028229	0.035939	1.614646	86
404015.752813	63.999371	0.035935	1.780958	87
404016.728294	48.442493	0.035937	1.347998	88
404017.842771	59.887726	0.035935	1.666570	89
404018.830449	87.598518	0.035935	2.437718	90
404019.940106	54.128006	0.035935	1.506295	91
404020.894985	52.675728	0.035934	1.465888	92
404022.004419	66.939964	0.035937	1.862715	93
404022.984774	47.069130	0.035935	1.309848	94
404024.105312	55.043770	0.035935	1.531752	95
404025.051524	55.560654	0.035934	1.546168	96
404026.198912	56.476509	0.035936	1.571574	97
404027.149157	47.195446	0.035937	1.313290	98
404028.263181	65.727913	0.035937	1.828954	99
404029.230564	50.923023	0.035934	1.417107	100
404030.356316	56.389565	0.035938	1.569088	101
404031.308986	57.027092	0.035934	1.587013	102
404032.428356	61.349400	0.035939	1.707020	103
404033.407511	51.520329	0.035936	1.433680	104
404034.521459	59.167904	0.035937	1.646422	105
404035.497171	54.056435	0.035939	1.504112	106
404036.586179	63.819374	0.035939	1.775767	107
404037.601251	47.525940	0.035935	1.322546	108
404038.682944	55.868992	0.035936	1.554695	109
404039.699072	46.073967	0.035937	1.282059	110
404040.751866	62.523365	0.035933	1.739984	111
404041.763522	56.319759	0.035941	1.566990	112
404042.846249	63.233658	0.035936	1.759639	113
404043.852454	53.332893	0.035935	1.484133	114
404044.908879	72.880516	0.035940	2.027826	115
404045.961362	43.330444	0.035941	1.205594	116
404047.006230	67.751175	0.035935	1.885363	117
404048.021936	56.371254	0.035934	1.568723	118
404049.107939	58.368187	0.035937	1.624160	119
404050.119251	49.119946	0.035940	1.366728	120
404051.172068	69.292923	0.035935	1.928305	121
404052.187639	55.016674	0.035934	1.531039	122
404053.271004	62.387955	0.035933	1.736222	123
404054.280352	54.452526	0.035938	1.515193	124
404055.367866	55.948402	0.035939	1.556774	125
404056.385638	50.060081	0.035933	1.393141	126
404057.422615	71.467110	0.035936	1.988740	127
404058.450337	48.692905	0.035934	1.355046	128
404059.520010	68.646996	0.035942	1.909945	129
404060.518861	55.588924	0.035940	1.546730	130
404061.624925	56.696964	0.035934	1.577792	131
404062.605532	51.036552	0.035937	1.420181	132
404063.719736	54.865601	0.035936	1.526777	133
404064.700167	45.124245	0.035937	1.255659	134
404065.786330	67.616982	0.035935	1.881670	135
404066.765176	55.603455	0.035938	1.547204	136
404067.886798	57.794708	0.035934	1.608348	137
404068.869976	45.584816	0.035937	1.268454	138
404069.981360	53.092640	0.035935	1.477471	139
404070.963290	43.443909	0.035939	1.208824	140
404072.041498	65.851608	0.035937	1.832399	141
404073.024348	53.894718	0.035942	1.499497	142
404074.138075	59.322094	0.035938	1.650676	143
404075.130679	43.968029	0.035936	1.223498	144
404076.235480	52.078182	0.035936	1.449205	145
404077.220889	42.568439	0.035934	1.184622	146
404078.298119	60.886166	0.035934	1.694377	147
404079.282019	54.161339	0.035938	1.507076	148
404080.396716	56.131451	0.035940	1.561791	149
404081.379702	48.677734	0.035936	1.354579	150
404082.461512	59.471405	0.035937	1.654880	151
404083.477081	44.151489	0.035938	1.228540	152
404084.557629	56.302979	0.035935	1.566797	153
404085.574336	43.455887	0.035936	1.209271	154
404086.483683	119.048866	0.035939	3.312540	155
404087.641391	52.080021	0.035935	1.449269	156
404088.719809	55.879311	0.035933	1.555104	157
404089.740613	48.005939	0.035933	1.335974	158
404090.788066	67.584801	0.035935	1.880751	159
404091.831001	45.035690	0.035935	1.253249	160
404092.881201	58.268070	0.035937	1.621411	161
404093.898694	52.445614	0.035936	1.459423	162
404094.983124	73.000359	0.035938	2.031265	163
404095.994692	50.037777	0.035935	1.392464	164
404097.043025	66.879608	0.035937	1.861014	165
404098.089743	42.125614	0.035934	1.172303	166
404099.139726	55.823711	0.035937	1.553368	167
404100.155935	53.664463	0.035936	1.493314	168
404101.204677	67.754906	0.035938	1.885317	169
404102.254049	45.569454	0.035936	1.268069	170
404103.301644	62.495682	0.035939	1.738914	171
404104.313510	54.935192	0.035935	1.528741	172
404105.398955	58.017124	0.035934	1.614527	173
404106.414461	48.131660	0.035936	1.339375	174
404107.495066	50.731239	0.035935	1.411757	175
404108.479115	50.787548	0.035939	1.413167	176
404109.560966	63.123775	0.035934	1.756661	177
404110.580095	45.262573	0.035933	1.259633	178
404111.657849	57.152378	0.035934	1.590499	179
404112.645578	53.931473	0.035935	1.500793	180
404113.754452	52.904911	0.035938	1.472125	181
404114.741789	45.480625	0.035934	1.265660	182
404115.818757	63.861012	0.035933	1.777228	183
404116.838608	42.268009	0.035935	1.176239	184
404117.916030	56.749912	0.035934	1.579279	185
404118.924167	41.372475	0.035934	1.151355	186
404120.003515	57.213081	0.035936	1.592087	187
404120.996372	45.270622	0.035934	1.259816	188
404122.081944	58.770706	0.035936	1.635437	189
404123.060964	57.012707	0.035935	1.586532	190
404124.175061	54.812260	0.035935	1.525299	191
404125.156662	47.476784	0.035938	1.321059	192
404126.270996	47.711739	0.035936	1.327687	193
404127.255410	44.383781	0.035938	1.235013	194
404128.340772	51.796616	0.035938	1.441282	195
404129.317783	57.974136	0.035935	1.613303	196
404130.432512	52.611050	0.035936	1.464026	197
404131.416612	52.496670	0.035938	1.460775	198
404132.497319	53.025749	0.035937	1.475520	199
404133.512020	45.955791	0.035937	1.278790	200
404134.603775	47.554005	0.035933	1.323410	201
404135.615677	41.413475	0.035938	1.152347	202
404136.692687	44.749001	0.035933	1.245329	203
404137.684410	49.350117	0.035933	1.373374	204
404138.756110	51.361134	0.035935	1.429272	205
404139.776242	47.126926	0.035937	1.311381	206
404140.825339	64.391670	0.035933	1.791992	207
404141.869445	44.305210	0.035937	1.232858	208
404142.916938	55.346054	0.035937	1.540102	209
404143.938604	50.165699	0.035937	1.395924	210
404145.015383	50.442863	0.035938	1.403627	211
404146.031498	44.747822	0.035936	1.245210	212
404147.079777	61.791149	0.035933	1.719629	213
404148.128284	38.189304	0.035933	1.062793	214
404149.176732	53.797310	0.035936	1.497024	215
404150.196869	48.409897	0.035937	1.347086	216
404151.241539	64.715607	0.035939	1.800720	217
404152.294556	40.363533	0.035941	1.123060	218
404153.342535	56.512230	0.035937	1.572550	219
404154.354281	49.400333	0.035936	1.374679	220
404155.441094	52.784161	0.035933	1.468959	221
404156.456077	42.237408	0.035934	1.175411	222
404157.536731	45.539120	0.035939	1.267127	223
404158.519870	45.891827	0.035935	1.277083	224
404159.594590	61.701214	0.035939	1.716815	225
404160.618050	42.063313	0.035937	1.170459	226
404161.694064	54.827320	0.035941	1.525489	227
404162.677421	53.703453	0.035941	1.494198	228
404163.796818	46.908314	0.035937	1.305287	229
404164.778418	42.735897	0.035938	1.189160	230
404165.855633	57.632587	0.035935	1.603808	231
404166.871414	39.493576	0.035935	1.099026	232
404167.956350	51.971691	0.035935	1.446253	233
404168.935966	48.428089	0.035934	1.347680	234
404170.050109	46.148369	0.035936	1.284198	235
404171.031606	42.743011	0.035936	1.189428	236
404172.121627	51.897751	0.035935	1.444218	237
404173.097375	56.471313	0.035934	1.571507	238
404174.212878	50.365471	0.035936	1.401548	239
404175.194711	49.224846	0.035937	1.369758	240
404176.276902	55.381531	0.035935	1.541171	241
404177.306820	38.826336	0.035935	1.080450	242
404178.377322	48.556709	0.035941	1.351028	243
404179.391526	38.749435	0.035937	1.078257	244
404180.441684	56.368156	0.035940	1.568393	245
404181.457045	51.744305	0.035936	1.439901	246
404182.534608	48.459141	0.035936	1.348492	247
404183.554572	45.162556	0.035937	1.256722	248
404184.603034	61.127808	0.035938	1.700925	249
404185.652042	41.268833	0.035939	1.148297	250
404186.696743	52.759480	0.035936	1.468149	251
404187.712007	53.274784	0.035939	1.482352	252
404188.804185	168.267975	0.035934	4.682727	253
404189.809770	48.462677	0.035934	1.348641	254
404190.862408	57.208710	0.035937	1.591895	255
404191.891657	48.984772	0.035938	1.363044	0
404192.954778	48.943542	0.035934	1.362026	1
404193.975139	48.799088	0.035936	1.357958	2
404195.023448	58.138714	0.035935	1.617900	3
404196.072565	44.734535	0.035937	1.244791	4
404197.127268	48.508530	0.035935	1.349889	5
404198.133258	53.418747	0.035937	1.486468	6
404199.231392	41.952515	0.035939	1.167322	7
404200.236110	44.760742	0.035934	1.245635	8
404201.282093	56.855606	0.035935	1.582200	9
404202.298460	52.097366	0.035935	1.449766	10
404203.379467	51.907234	0.035937	1.444376	11
404204.380871	52.707027	0.035936	1.466710	12
404205.474702	47.361465	0.035937	1.317909	13
404206.450956	56.107616	0.035935	1.561358	14
404207.538892	56.678558	0.035935	1.577235	15
404208.556484	47.085102	0.035935	1.310301	16
404209.642353	132.176682	0.035937	3.678026	17
404210.653685	42.878464	0.035936	1.193195	18
404211.731059	45.585758	0.035938	1.268470	19
404212.718800	48.609303	0.035938	1.352579	20
404213.799322	56.119907	0.035937	1.561601	21
404214.808773	44.641911	0.035934	1.242321	22
404215.900901	47.123360	0.035935	1.311357	23
404216.912390	38.650501	0.035941	1.075375	24
404218.000099	107.084473	0.035935	2.979938	25
404218.971946	46.629219	0.035936	1.297564	26
