num crossings	time (s)	maj axis (mm)	min axis (mm)	theta (rad )	slope (V/s)
2803	403910.036607	32.794710	-6.996439	-0.458605	3.583798
2805	403912.119817	30.235452	-14.929203	-0.854803	4.303380
2807	403914.198309	34.446225	-6.211041	-0.409961	4.797877
2809	403916.283024	29.692989	-3.093030	-0.860440	4.449768
2811	403918.369675	28.496810	8.379948	-0.762334	4.707302
2813	403920.446395	28.763827	8.362648	-0.766962	4.952569
2815	403922.541017	35.786913	-6.568167	-0.444851	4.856533
2817	403924.626051	30.085916	-3.875879	-0.860532	4.919063
2819	403926.711242	28.803748	8.184188	-0.765764	4.864228
2821	403928.803052	36.134480	-5.739658	-0.447113	3.753962
2823	403930.894891	32.490408	-3.107937	-0.887396	5.574209
2825	403932.985902	32.528279	-16.565765	-0.831524	4.990217
2827	403935.083999	29.855676	7.691583	-0.771583	5.348608
2829	403937.173251	29.933484	7.544903	-0.769362	4.825337
2831	403939.264493	36.345285	-7.950727	-0.613495	4.677117
2833	403941.360814	37.011145	-5.367355	-0.866341	4.978824
2835	403943.448391	34.486139	-13.996057	-0.816833	5.440440
2837	403945.535402	30.238866	7.706008	-0.765089	5.662445
2839	403947.621547	30.386507	7.731708	-0.760171	5.191648
2841	403949.707405	30.227181	7.632419	-0.760607	4.972749
2843	403951.789282	37.065978	-8.709662	-0.699902	4.792071
2845	403953.879010	38.677513	-7.871956	-0.716872	4.893317
2847	403955.964938	34.471931	-12.370261	-0.841238	5.352152
2849	403958.043926	30.683469	6.908946	-0.770918	5.748398
2851	403960.124982	37.804305	-6.130111	-0.600595	5.449473
2853	403962.197088	37.527166	-3.955291	-0.655294	4.890108
2855	403964.284112	38.529708	-2.336937	-0.625101	5.432804
2857	403966.361937	36.612957	-1.265102	-0.931103	5.489557
2859	403968.444902	30.862587	6.806092	-0.801536	5.624172
2861	403970.533662	31.488854	6.830087	-0.801607	6.124207
2863	403972.616985	31.050432	6.829196	-0.806428	6.423407
2865	403974.705266	31.107879	6.819354	-0.801793	6.103574
2867	403976.793117	31.113728	6.676830	-0.804287	6.356099
2869	403978.875208	31.498395	6.541032	-0.806990	5.668266
2871	403980.972601	31.414801	6.377373	-0.809192	6.157551
2873	403983.056137	31.568725	6.379942	-0.805865	5.840058
2875	403985.155438	31.868075	6.184422	-0.801969	6.155881
2877	403987.241560	36.570716	-14.089210	-0.873279	5.917634
2879	403989.342431	32.184982	6.188757	-0.798123	6.644653
2881	403991.426270	32.102819	6.493462	-0.801257	5.993783
2883	403993.516187	32.107128	6.286153	-0.794481	5.373141
2885	403995.597246	32.097698	6.305672	-0.796019	6.243771
2887	403997.683319	37.884238	-11.671632	-0.849749	5.795171
2889	403999.774464	38.433810	-7.024733	-0.748971	6.299242
2891	404001.850442	42.596706	-0.887665	-0.931600	6.315084
2893	404003.941711	32.503747	5.870865	-0.795866	6.357999
2895	404006.024394	40.456858	-5.411989	-0.695179	6.521099
2897	404008.104170	39.090695	-8.039031	-0.810103	6.692021
2899	404010.177349	39.394669	-7.955412	-0.803845	5.862772
2901	404012.272281	42.129898	-2.656748	-0.717325	6.486876
2903	404014.344022	41.274184	-0.862163	-0.682898	7.735794
2905	404016.427089	42.972359	0.761186	-0.960651	6.434394
2907	404018.512311	41.725552	-2.156162	-0.582742	7.424316
2909	404020.591549	41.145989	0.814764	-0.667737	6.925573
2911	404022.678428	41.696396	0.775871	-0.962170	6.467205
2913	404024.765369	39.091127	-14.397838	-0.923769	7.906535
2915	404026.845704	32.974933	5.449253	-0.829719	7.317928
2917	404028.940653	32.860219	5.368614	-0.835411	7.397474
2919	404031.023493	33.396521	5.364576	-0.837797	7.627616
2921	404033.125496	39.000091	-13.931925	-0.923422	7.374780
2923	404035.209384	38.851440	-12.970526	-0.904847	7.121813
2925	404037.306717	33.791781	5.087578	-0.825894	7.307977
2927	404039.390902	39.855307	-11.465463	-0.891865	6.996209
2929	404041.478907	39.904456	-10.860720	-0.896702	6.381301
2931	404043.564336	33.634374	5.203607	-0.826084	7.328433
2933	404045.646848	43.767477	-5.609703	-0.784766	6.737224
2935	404047.731724	45.460348	0.752902	-0.944835	6.730876
2937	404049.819423	40.693865	-10.756636	-0.891222	7.220335
2939	404051.899789	41.613441	-7.555857	-0.827369	6.662076
2941	404053.989368	46.618702	1.450705	-0.947600	6.930018
2943	404056.070087	34.486088	4.591532	-0.830235	7.035966
2945	404058.148640	34.285882	4.541743	-0.836705	7.077651
2947	404060.234568	34.119757	4.551446	-0.839432	6.300466
2949	404062.312428	40.573547	-12.866317	-0.928321	6.628758
2951	404064.395778	34.491407	4.575555	-0.844804	7.409182
2953	404066.475944	42.174626	-8.001965	-0.836319	7.804955
2955	404068.558427	45.202356	2.552880	-0.978086	7.214863
2957	404070.647796	42.444099	-7.814583	-0.824194	7.631653
2959	404072.730799	40.068145	-9.929431	-0.996239	8.246205
2961	404074.815215	34.335991	4.439334	-0.853159	7.809143
2963	404076.906103	34.545928	4.317396	-0.851673	7.379278
2965	404078.991675	34.615269	4.303462	-0.856755	7.916661
2967	404081.084611	45.195038	-1.842230	-0.695840	7.575486
2969	404083.172644	47.422623	3.255616	-0.976832	7.969334
2971	404085.263107	34.908873	4.066078	-0.847282	8.752354
2973	404087.352403	34.881618	4.296588	-0.848917	8.111439
2975	404089.437803	45.893153	-3.982324	-0.790351	7.459442
2977	404091.526549	41.611396	-7.379110	-0.927081	7.561462
2979	404093.608688	34.800313	4.164754	-0.846668	7.770748
2981	404095.694343	42.669318	-9.165650	-0.916579	7.582560
2983	404097.779674	42.867882	-9.373969	-0.920709	8.454496
2985	404099.864772	34.869711	3.910228	-0.847287	8.048300
2987	404101.948817	35.738327	3.871411	-0.846409	8.584961
2989	404104.027702	35.260544	3.702914	-0.852070	8.714078
2991	404106.114481	35.262460	3.701571	-0.855446	8.798884
2993	404108.192727	35.422284	3.756941	-0.863436	8.544465
2995	404110.276094	45.513915	-0.416128	-0.689639	9.153884
2997	404112.356349	46.946873	4.272505	-0.984578	8.699981
2999	404114.439843	44.172515	-6.507939	-0.851783	8.340613
3001	404116.522473	46.080355	2.797532	-0.759234	9.029948
3003	404118.604349	47.581602	3.864122	-0.975802	8.949511
3005	404120.688635	35.365247	4.136084	-0.869948	8.024048
3007	404122.775870	43.007258	-11.246147	-0.964508	8.990868
3009	404124.859277	35.700145	3.537470	-0.867939	8.435513
3011	404126.950425	35.744831	3.536860	-0.868896	8.204223
3013	404129.036009	42.716876	-10.799309	-0.961924	9.212376
3015	404131.128937	35.774453	3.394466	-0.867983	8.063583
3017	404133.214569	35.840653	3.357959	-0.864454	7.950233
3019	404135.301840	43.834905	-2.179061	-0.801238	8.976674
3021	404137.390684	47.239825	-0.346278	-0.833174	9.249802
3023	404139.474051	47.121018	-0.637996	-0.840386	9.147745
3025	404141.560697	43.986152	-6.213815	-0.955252	9.675485
3027	404143.642734	47.002855	-2.212755	-0.797176	9.260318
3029	404145.729363	48.374149	3.197779	-0.966770	8.649656
3031	404147.816115	36.138343	3.112611	-0.861899	9.829358
3033	404149.896052	45.252169	-4.946468	-0.875179	9.297499
3035	404151.982706	49.402700	4.527045	-0.976100	9.711659
3037	404154.064088	44.318047	-9.782807	-0.963812	9.516916
3039	404156.143262	45.151673	-4.755505	-0.878623	9.076785
3041	404158.224684	44.791453	-3.169360	-0.902916	9.389891
3043	404160.308823	47.523467	3.894678	-0.782564	9.249525
3045	404162.387812	48.724133	5.464654	-0.992703	9.260095
3047	404164.472889	45.457916	-4.919675	-0.883707	8.231705
3049	404166.562773	43.045088	-7.424801	-1.010761	10.262875
3051	404168.639700	44.397089	-10.726434	-0.982321	9.773228
3053	404170.728761	35.995495	3.667030	-0.882987	8.541676
3055	404172.814256	36.346455	3.559712	-0.885723	9.951817
3057	404174.899276	36.147509	3.311383	-0.884593	9.576130
3059	404176.989250	36.477869	2.900441	-0.885288	8.674081
3061	404179.076063	44.626460	-9.582368	-0.970165	9.524563
3063	404181.169233	45.507646	-4.057486	-0.895448	8.810221
3065	404183.250707	48.672116	1.491656	-0.840315	9.014791
3067	404185.339437	45.862963	-2.656931	-0.909744	9.979403
3069	404187.425471	50.597532	5.024061	-0.978537	9.891770
3071	404189.510659	36.882370	2.735432	-0.872356	9.815388
3073	404191.597082	45.483309	-6.873495	-0.954066	10.602392
3075	404193.680151	49.144140	-0.892727	-0.824058	8.881055
3077	404195.767801	46.249986	-2.471430	-0.908715	9.068618
3079	404197.850025	50.089874	5.423332	-0.985390	9.812583
3081	404199.929033	36.727921	2.638005	-0.878832	9.032345
3083	404202.012620	46.295136	-3.225241	-0.897085	10.217631
3085	404204.094285	44.140150	-5.584570	-1.004817	9.585930
3087	404206.173703	36.911761	2.558059	-0.888883	10.337889
3089	404208.264707	50.191412	1.020199	-0.767726	9.836427
3091	404210.345704	49.296980	3.872556	-0.825000	10.359887
3093	404212.423855	48.552256	5.719760	-0.827414	9.908578
3095	404214.510547	44.141355	-5.565186	-1.018894	9.276982
3097	404216.595239	48.004320	3.109245	-0.712863	10.844412
