time (s)	coil I (A)	last det (V)	int current (uC)
406734.966198	2.576441	53.613281	-304.199219
406734.968202	3.267766	53.613281	-304.199219
406734.970200	3.267530	53.613281	-304.199219
406734.972200	3.267384	35.941227	0.276364
406736.016255	3.266834	252.441406	-26.757812
406736.018259	3.266998	252.441406	-26.757812
406736.020261	3.266600	252.441406	-26.757812
406736.022263	3.266666	35.933331	0.247976
406737.067218	3.267158	64.355469	-286.718750
406737.069219	3.266984	64.355469	-286.718750
406737.071220	3.267001	35.937008	0.261456
406738.084235	3.267329	253.125000	-21.386719
406738.086236	3.267226	253.125000	-21.386719
406738.088237	3.267251	35.939762	0.268808
406739.193191	3.265717	63.867187	-299.804687
406739.195193	3.267655	63.867187	-299.804687
406739.197193	3.267543	63.867187	-299.804687
406739.199194	3.267304	35.940342	0.190727
406740.179262	3.267421	233.300781	-11.425781
406740.181264	3.267109	233.300781	-11.425781
406740.183263	3.267055	35.937603	0.246848
406741.257309	3.264326	62.695312	-268.652344
406741.259309	3.267038	62.695312	-268.652344
406741.261310	3.266998	62.695312	-268.652344
406741.263312	3.266894	35.935837	0.222677
406742.275319	3.267348	229.882812	-10.839844
406742.277320	3.267305	229.882812	-10.839844
406742.279320	3.267137	35.938507	0.264151
406743.323294	3.266925	51.855469	-259.667969
406743.325296	3.267208	51.855469	-259.667969
406743.327297	3.266871	51.855469	-259.667969
406743.329296	3.266900	35.935902	0.354696
406744.371325	3.266455	231.445312	-14.257812
406744.373329	3.267272	231.445312	-14.257812
406744.375330	3.266814	231.445312	-14.257812
406744.377329	3.266805	35.934853	0.258597
406745.387420	3.267081	49.609375	-290.722656
406745.389420	3.267766	49.609375	-290.722656
406745.391419	3.267404	49.609375	-290.722656
406745.393419	3.267332	35.940651	0.293145
406746.469486	3.267019	229.296875	-19.921875
406746.471487	3.267103	229.296875	-19.921875
406746.473487	3.267021	35.937229	0.661016
406747.485508	3.267357	55.078125	-311.132812
406747.487512	3.267195	55.078125	-311.132812
406747.489513	3.267042	35.937462	0.271859
406748.533531	3.267320	235.839844	-22.558594
406748.535533	3.267529	235.839844	-22.558594
406748.537533	3.267130	235.839844	-22.558594
406748.539532	3.267076	35.937832	0.453307
406749.581575	3.267125	63.183594	-297.851562
406749.583577	3.267766	63.183594	-297.851562
406749.587575	3.267281	63.183594	-297.851562
406749.589577	3.267227	35.939499	0.264682
406750.566138	3.267653	260.546875	-21.386719
406750.568141	3.267237	260.546875	-21.386719
406750.570142	3.267084	35.937923	0.375279
406751.713074	3.267272	59.765625	-320.117187
406751.715077	3.267064	59.765625	-320.117187
406751.717078	3.266936	35.936291	0.220576
406752.695108	3.266851	226.171875	-10.546875
406752.697110	3.267055	226.171875	-10.546875
406752.699110	3.266764	226.171875	-10.546875
406752.701111	3.266647	35.933117	0.246704
406753.775169	3.265609	64.160156	-285.937500
406753.777170	3.267182	64.160156	-285.937500
406753.781168	3.266759	64.160156	-285.937500
406753.783173	3.266735	35.934082	0.235071
406754.757217	3.263014	232.519531	-10.546875
406754.759219	3.266620	232.519531	-10.546875
406754.761217	3.267115	232.519531	-10.546875
406754.763218	3.266863	232.519531	-10.546875
406754.765218	3.266698	35.933678	0.339686
406755.873263	3.266988	53.320312	-307.226562
406755.875265	3.267454	53.320312	-307.226562
406755.877264	3.267114	53.320312	-307.226562
406755.879265	3.267063	35.937691	0.225094
406756.889297	3.266867	211.230469	-6.445312
406756.891300	3.267192	211.230469	-6.445312
406756.893300	3.266750	211.230469	-6.445312
406756.895299	3.266700	35.933697	0.430154
406757.939337	3.267333	44.628906	-309.375000
406757.941340	3.266972	44.628906	-309.375000
406757.943341	3.266877	35.935650	0.198618
406758.987395	3.267731	212.304687	-7.519531
406758.989396	3.267349	212.304687	-7.519531
406758.991395	3.267162	35.938782	0.194599
406760.001986	3.266658	47.753906	-287.890625
406760.003990	3.267242	47.753906	-287.890625
406760.005988	3.266825	47.753906	-287.890625
406760.007991	3.266821	35.935032	0.231659
406761.050039	3.266189	220.117187	-9.277344
406761.052041	3.267437	220.117187	-9.277344
406761.054042	3.267143	220.117187	-9.277344
406761.056043	3.266870	35.935566	0.282074
406762.098111	3.265588	41.015625	-324.511719
406762.100112	3.267574	41.015625	-324.511719
406762.102111	3.267331	41.015625	-324.511719
406762.104111	3.267184	35.939022	0.247375
406763.148183	3.267067	212.792969	-9.765625
406763.150185	3.267131	212.792969	-9.765625
406763.152187	3.266855	212.792969	-9.765625
406763.154186	3.266953	35.936478	0.555728
406764.196179	3.266857	38.183594	-336.718750
406764.198181	3.267322	38.183594	-336.718750
406764.200180	3.266908	38.183594	-336.718750
406764.202182	3.266935	35.936279	0.178241
406765.246226	3.267334	206.542969	-7.421875
406765.248229	3.267067	206.542969	-7.421875
406765.250231	3.266948	35.936432	0.224401
406766.260269	3.266462	47.265625	-300.195312
406766.262271	3.267391	47.265625	-300.195312
406766.264278	3.267103	47.265625	-300.195312
406766.266276	3.266959	35.936550	0.269422
406767.308354	3.266094	210.156250	-7.031250
406767.310358	3.267816	210.156250	-7.031250
406767.312358	3.267665	210.156250	-7.031250
406767.314357	3.267450	35.941956	0.284553
406768.358436	3.266824	50.292969	-304.101562
406768.360438	3.266790	50.292969	-304.101562
406768.362438	3.266723	35.933952	0.223456
406769.408492	3.267171	201.269531	-5.273437
406769.410494	3.266732	201.269531	-5.273437
406769.412492	3.266696	35.933659	0.276204
406770.454558	3.266438	57.421875	-304.589844
406770.456559	3.267531	57.421875	-304.589844
406770.458558	3.267607	57.421875	-304.589844
406770.460559	3.267120	35.938320	0.215483
406771.472605	3.267141	215.332031	-7.714844
406771.474607	3.266811	215.332031	-7.714844
406771.476606	3.266635	35.932983	0.258748
406772.551186	3.265883	59.863281	-321.191406
406772.553188	3.267607	59.863281	-321.191406
406772.555188	3.267391	59.863281	-321.191406
406772.557190	3.267240	35.939640	0.210966
406773.569256	3.267479	211.914062	-9.472656
406773.571260	3.267112	211.914062	-9.472656
406773.573262	3.267156	35.938721	0.222330
406774.647809	3.264240	54.199219	-344.335937
406774.649817	3.267002	54.199219	-344.335937
406774.651820	3.267089	54.199219	-344.335937
406774.653821	3.266781	35.934589	0.218952
406775.633853	3.267217	232.617187	-17.285156
406775.635855	3.266870	232.617187	-17.285156
406775.637855	3.266811	35.934917	0.279678
406776.715950	3.267155	46.093750	-362.695312
406776.717951	3.266775	46.093750	-362.695312
406776.719950	3.266746	35.934208	0.405675
406777.730007	3.267278	232.617187	-22.070312
406777.732003	3.267462	232.617187	-22.070312
406777.734005	3.267092	232.617187	-22.070312
406777.740003	3.267068	35.937752	0.590310
406778.778028	3.266821	44.726562	-359.863281
406778.780029	3.267360	44.726562	-359.863281
406778.784027	3.266809	44.726562	-359.863281
406778.786029	3.266828	35.935112	0.261104
406779.828099	3.267486	226.660156	-19.042969
406779.830100	3.267077	226.660156	-19.042969
406779.832101	3.266927	35.936195	0.264074
406780.874629	3.266438	36.523437	-367.187500
406780.876630	3.267408	36.523437	-367.187500
406780.878629	3.267169	36.523437	-367.187500
406780.880630	3.267038	35.937416	0.221642
406781.925188	3.267563	207.128906	-9.570312
406781.927189	3.267338	207.128906	-9.570312
406781.929189	3.267002	35.937027	0.239492
406782.941199	3.267138	45.800781	-311.621094
406782.943200	3.266920	45.800781	-311.621094
406782.945201	3.266828	35.935104	0.259928
406783.989215	3.267507	204.980469	-5.468750
406783.991219	3.267300	204.980469	-5.468750
406783.993217	3.267101	35.938107	0.281349
406785.071274	3.267802	49.804687	-325.878906
406785.077274	3.267307	49.804687	-325.878906
406785.079276	3.267280	35.940075	0.187493
406786.085356	3.266989	197.363281	-4.101562
406786.087357	3.267508	197.363281	-4.101562
406786.089358	3.267161	197.363281	-4.101562
406786.091358	3.267104	35.938145	0.246031
406787.165374	3.264778	57.617187	-334.179687
406787.167375	3.267251	57.617187	-334.179687
406787.169376	3.267236	57.617187	-334.179687
406787.171376	3.266904	35.935944	0.197509
406788.150346	3.267610	208.496094	-7.031250
406788.152349	3.267624	208.496094	-7.031250
406788.154349	3.267360	35.940964	0.276332
406789.230432	3.265824	56.542969	-342.871094
406789.232433	3.267280	56.542969	-342.871094
406789.234432	3.266934	56.542969	-342.871094
406789.236434	3.266775	35.934525	0.243255
406790.246503	3.266831	213.378906	-12.500000
406790.248503	3.267704	213.378906	-12.500000
406790.250505	3.267301	213.378906	-12.500000
406790.252504	3.267295	35.940243	0.246893
406791.326609	3.264640	45.996094	-370.019531
406791.328609	3.267466	45.996094	-370.019531
406791.330609	3.267565	45.996094	-370.019531
406791.332609	3.267352	45.996094	-370.019531
406791.334611	3.267293	35.940224	0.212376
406792.343158	3.266024	213.085937	-16.113281
406792.345161	3.267520	213.085937	-16.113281
406792.347160	3.267180	213.085937	-16.113281
406792.349161	3.267032	35.937355	0.245379
406793.391214	3.264962	43.066406	-375.195312
406793.393216	3.267368	43.066406	-375.195312
406793.395216	3.267296	43.066406	-375.195312
406793.397216	3.267148	35.938629	0.247841
406794.441298	3.267236	211.816406	-16.406250
406794.443300	3.267631	211.816406	-16.406250
406794.445301	3.267292	211.816406	-16.406250
406794.447301	3.267234	35.939571	0.287997
406795.457341	3.267230	46.484375	-362.304687
406795.459345	3.267445	46.484375	-362.304687
406795.461344	3.267279	46.484375	-362.304687
406795.463343	3.267097	35.938072	0.522518
406796.538289	3.266947	206.347656	-14.062500
406796.542289	3.266987	206.347656	-14.062500
406796.544291	3.266981	206.347656	-14.062500
406796.546294	3.266964	35.936607	0.192489
406797.554335	3.267155	37.792969	-375.195312
406797.556335	3.267434	37.792969	-375.195312
406797.558339	3.267205	37.792969	-375.195312
406797.560343	3.267081	35.937885	0.365689
406798.635276	3.267059	197.558594	-10.156250
406798.637278	3.267815	197.558594	-10.156250
406798.639278	3.267412	197.558594	-10.156250
406798.641277	3.267383	35.941208	0.191897
406799.651343	3.266774	29.003906	-395.703125
406799.653344	3.267274	29.003906	-395.703125
406799.655347	3.266933	29.003906	-395.703125
406799.657347	3.266870	35.935574	0.222628
406800.699395	3.266540	204.394531	-9.960937
406800.701396	3.267728	204.394531	-9.960937
406800.703398	3.267403	204.394531	-9.960937
406800.705395	3.267278	35.940056	0.251449
406801.715444	3.267035	38.281250	-361.816406
406801.717445	3.267735	38.281250	-361.816406
406801.719444	3.267422	38.281250	-361.816406
406801.723444	3.267372	35.941093	0.275242
406802.796007	3.266127	197.753906	-7.031250
406802.798010	3.267520	197.753906	-7.031250
406802.800011	3.267254	197.753906	-7.031250
406802.802009	3.267136	35.938496	0.200471
406803.812106	3.265932	30.761719	-384.179687
406803.814105	3.267153	30.761719	-384.179687
406803.816106	3.266819	30.761719	-384.179687
406803.818106	3.266697	35.933670	0.218126
406804.862602	3.267380	209.765625	-8.105469
406804.864605	3.267048	209.765625	-8.105469
406804.868605	3.266845	35.935291	0.275062
406805.875601	3.264268	37.597656	-362.207031
406805.877604	3.267259	37.597656	-362.207031
406805.879602	3.267462	37.597656	-362.207031
406805.881610	3.267255	37.597656	-362.207031
406805.883619	3.267065	35.937717	0.295376
406806.957667	3.266242	196.484375	-6.347656
406806.959671	3.267724	196.484375	-6.347656
406806.961670	3.267446	196.484375	-6.347656
406806.963668	3.267407	35.941475	0.224763
406807.973736	3.266000	36.523437	-367.578125
406807.975740	3.267226	36.523437	-367.578125
406807.977739	3.266929	36.523437	-367.578125
406807.979740	3.266740	35.934139	0.250452
406809.055802	3.267114	191.699219	-5.761719
406809.057805	3.267458	191.699219	-5.761719
406809.059804	3.267108	191.699219	-5.761719
406809.061804	3.267104	35.938145	0.273796
406810.071903	3.267064	33.984375	-378.515625
406810.073904	3.267223	33.984375	-378.515625
406810.075904	3.266974	33.984375	-378.515625
406810.077903	3.266923	35.936150	0.496956
406811.118880	3.265298	200.000000	-8.105469
406811.120882	3.267455	200.000000	-8.105469
406811.122882	3.267422	200.000000	-8.105469
406811.124882	3.267040	35.937443	0.275905
406812.134903	3.265579	40.527344	-363.769531
406812.136906	3.267165	40.527344	-363.769531
406812.138907	3.267051	40.527344	-363.769531
406812.140906	3.266758	35.934341	0.309210
406813.217484	3.266870	198.144531	-8.984375
406813.219487	3.267173	198.144531	-8.984375
406813.221486	3.266832	198.144531	-8.984375
406813.223486	3.266830	35.935131	0.364399
406814.233577	3.267236	36.816406	-380.078125
406814.235577	3.267284	36.816406	-380.078125
406814.237577	3.267036	35.937397	0.246387
406815.316135	3.267292	197.558594	-10.742187
406815.318138	3.266861	197.558594	-10.742187
406815.320136	3.266778	35.934563	0.207405
406816.328682	3.264711	32.812500	-395.996094
406816.330689	3.267356	32.812500	-395.996094
406816.332694	3.267451	32.812500	-395.996094
406816.334693	3.267152	32.812500	-395.996094
406816.336693	3.267138	35.938515	0.246712
406817.378730	3.266600	205.664062	-13.671875
406817.380733	3.267251	205.664062	-13.671875
406817.382732	3.266957	205.664062	-13.671875
406817.384733	3.266904	35.935944	0.239917
406818.428848	3.267349	32.910156	-398.730469
406818.430849	3.266987	32.910156	-398.730469
406818.432851	3.266871	35.935581	0.200253
406819.475388	3.265994	195.312500	-13.085937
406819.477390	3.267219	195.312500	-13.085937
406819.479389	3.266838	195.312500	-13.085937
406819.481390	3.266700	35.933704	0.218798
406820.491444	3.266252	42.382812	-378.222656
406820.493443	3.267239	42.382812	-378.222656
406820.497443	3.266781	42.382812	-378.222656
406820.499443	3.266789	35.934677	0.301124
406821.539434	3.266201	204.785156	-12.792969
406821.541436	3.267563	204.785156	-12.792969
406821.545435	3.267102	204.785156	-12.792969
406821.547437	3.267096	35.938053	0.224486
406822.588363	3.266192	48.535156	-365.039062
406822.590365	3.267419	48.535156	-365.039062
406822.592364	3.267054	48.535156	-365.039062
406822.594365	3.266870	35.935574	0.251934
406823.604414	3.266471	206.835937	-8.886719
406823.608416	3.266988	206.835937	-8.886719
406823.610416	3.266955	206.835937	-8.886719
406823.612416	3.266904	35.935944	0.269008
406824.685381	3.266201	52.441406	-358.691406
406824.687383	3.267614	52.441406	-358.691406
406824.689384	3.267220	52.441406	-358.691406
406824.691383	3.267114	35.938259	0.251575
406825.701424	3.266572	186.914062	-1.953125
406825.703426	3.267515	186.914062	-1.953125
406825.705427	3.267119	186.914062	-1.953125
406825.707425	3.267056	35.937622	0.251101
406826.783512	3.267361	53.417969	-353.710937
406826.785513	3.267632	53.417969	-353.710937
406826.787514	3.267240	53.417969	-353.710937
406826.789514	3.267184	35.939022	0.429989
406827.800500	3.267687	177.148437	1.562500
406827.802503	3.267400	177.148437	1.562500
406827.804500	3.267197	35.939163	0.229923
406828.846541	3.265732	45.312500	-356.054687
406828.848543	3.267550	45.312500	-356.054687
406828.850542	3.267470	45.312500	-356.054687
406828.852544	3.267165	35.938816	0.236546
406829.896562	3.266911	182.519531	0.781250
406829.898562	3.267023	182.519531	0.781250
406829.900564	3.266853	182.519531	0.781250
406829.904561	3.266846	35.935307	0.217150
406830.943524	3.265247	32.128906	-378.515625
406830.945525	3.267295	32.128906	-378.515625
406830.947527	3.267134	32.128906	-378.515625
406830.949526	3.266924	35.936165	0.208095
406831.992523	3.266131	181.054687	-1.074219
406831.994522	3.267657	181.054687	-1.074219
406831.996522	3.267359	181.054687	-1.074219
406831.998523	3.267168	35.938850	0.217587
406833.008580	3.266414	33.593750	-383.203125
406833.010583	3.267311	33.593750	-383.203125
406833.012584	3.267054	33.593750	-383.203125
406833.016580	3.266814	35.934952	0.250720
406834.056578	3.265545	197.851562	-8.105469
406834.060577	3.267602	197.851562	-8.105469
406834.064576	3.267295	197.851562	-8.105469
406834.066579	3.267242	35.939659	0.267459
406835.106616	3.266832	27.441406	-408.398437
406835.108618	3.267010	27.441406	-408.398437
406835.110619	3.266703	27.441406	-408.398437
406835.112619	3.266630	35.932930	0.451103
406836.153199	3.264299	191.699219	-10.351562
406836.155199	3.267415	191.699219	-10.351562
406836.157200	3.267611	191.699219	-10.351562
406836.159199	3.267251	191.699219	-10.351562
406836.163200	3.267318	35.940502	0.219142
406837.171243	3.267312	41.015625	-380.957031
406837.173246	3.267261	41.015625	-380.957031
406837.175246	3.267010	35.937115	0.264731
406838.218219	3.265608	200.976562	-12.988281
406838.220221	3.267447	200.976562	-12.988281
406838.222220	3.267203	200.976562	-12.988281
406838.224219	3.267076	35.937832	0.263414
406839.266319	3.264936	42.089844	-379.687500
406839.268322	3.267575	42.089844	-379.687500
406839.270323	3.267577	42.089844	-379.687500
406839.272324	3.267329	35.940617	0.263868
406840.316894	3.267051	192.382812	-9.765625
406840.318891	3.267161	192.382812	-9.765625
406840.320892	3.266806	35.934864	0.217932
406841.363427	3.264216	41.015625	-382.128906
406841.365450	3.267025	41.015625	-382.128906
406841.367454	3.267247	41.015625	-382.128906
406841.369455	3.266952	41.015625	-382.128906
406841.371455	3.266831	35.935139	0.268707
406842.385485	3.267346	191.894531	-7.031250
406842.387488	3.267367	35.941040	0.279451
406843.461569	3.266477	47.753906	-369.238281
406843.463570	3.267514	47.753906	-369.238281
406843.465571	3.267159	47.753906	-369.238281
406843.467571	3.267071	35.937778	0.205602
406844.477561	3.266683	183.203125	-3.613281
406844.479564	3.267612	183.203125	-3.613281
406844.481563	3.267408	183.203125	-3.613281
406844.483563	3.267027	35.937294	0.213078
406845.557585	3.263880	43.554687	-380.371094
406845.559586	3.267332	43.554687	-380.371094
406845.561585	3.267617	43.554687	-380.371094
406845.563587	3.267148	43.554687	-380.371094
406845.565586	3.267106	35.938168	0.217757
406846.543599	3.267355	193.554687	-1.757812
406846.545602	3.267033	193.554687	-1.757812
406846.547602	3.266896	35.935856	0.279902
406847.622164	3.264418	53.808594	-362.792969
406847.624172	3.264660	53.808594	-362.792969
406847.626171	3.267358	53.808594	-362.792969
406847.628171	3.266977	35.936752	0.254965
406848.638211	3.265392	186.425781	0.488281
406848.640214	3.267469	186.425781	0.488281
406848.642215	3.267388	186.425781	0.488281
406848.644214	3.267123	35.938354	0.247229
406849.720229	3.266028	49.902344	-371.972656
406849.724229	3.266951	49.902344	-371.972656
406849.726229	3.266721	49.902344	-371.972656
406849.728231	3.266736	35.934093	0.214487
406850.736274	2.426757	176.367187	2.148437
406850.738274	3.267466	176.367187	2.148437
406850.740273	3.267213	176.367187	2.148437
406850.742274	3.267014	35.937153	0.219180
406851.818860	3.266030	49.902344	-372.167969
406851.820861	3.267371	49.902344	-372.167969
406851.822861	3.267077	35.937851	0.204305
406852.801789	3.267127	187.109375	1.464844
406852.803791	3.267072	187.109375	1.464844
406852.805792	3.266811	35.934917	0.282371
406853.881784	3.266113	54.882812	-360.351562
406853.883787	3.267252	54.882812	-360.351562
406853.885788	3.266928	54.882812	-360.351562
406853.887788	3.266800	35.934803	0.227620
406854.897827	3.266765	173.632812	2.734375
406854.899827	3.267373	173.632812	2.734375
406854.901826	3.267013	173.632812	2.734375
406854.903826	3.266957	35.936523	0.237827
406855.977848	3.264281	46.679687	-376.074219
406855.979851	3.267432	46.679687	-376.074219
406855.981850	3.267658	46.679687	-376.074219
406855.983850	3.267259	46.679687	-376.074219
406855.985851	3.267276	35.940041	0.219436
406856.961909	3.266351	186.816406	1.562500
406856.963919	3.267616	186.816406	1.562500
406856.965918	3.267313	186.816406	1.562500
406856.967920	3.267133	35.938461	0.293857
406858.076511	3.266627	42.480469	-384.570312
406858.078513	3.267455	42.480469	-384.570312
406858.080513	3.267100	42.480469	-384.570312
406858.082513	3.267035	35.937378	0.186571
406859.058557	3.265374	176.562500	2.246094
406859.060559	3.267401	176.562500	2.246094
406859.062560	3.267220	176.562500	2.246094
406859.064561	3.267040	35.937435	0.270505
406860.140605	3.266327	50.878906	-370.605469
406860.142607	3.267303	50.878906	-370.605469
406860.144607	3.266990	50.878906	-370.605469
406860.146606	3.266812	35.934937	0.225348
406861.158627	3.267300	171.191406	1.757812
406861.160630	3.266956	171.191406	1.757812
406861.162630	3.266863	35.935493	0.220018
406862.236678	3.264449	45.996094	-378.125000
406862.238684	3.267193	45.996094	-378.125000
406862.240688	3.267193	45.996094	-378.125000
406862.242687	3.267023	45.996094	-378.125000
406862.244689	3.266943	35.936371	0.218468
406863.220778	3.266422	182.812500	-0.292969
406863.222781	3.267312	182.812500	-0.292969
406863.224781	3.266982	182.812500	-0.292969
406863.226781	3.266936	35.936291	0.285227
406864.336876	3.267256	40.722656	-386.718750
406864.338880	3.266958	40.722656	-386.718750
406864.340879	3.266827	35.935097	0.178284
406865.317456	3.265490	179.980469	-1.855469
406865.319458	3.267084	179.980469	-1.855469
406865.321457	3.266831	179.980469	-1.855469
406865.323456	3.266634	35.932976	0.254455
406866.399525	3.266607	40.625000	-384.960937
406866.401528	3.267171	40.625000	-384.960937
406866.403526	3.267188	40.625000	-384.960937
406866.405527	3.266781	35.934589	0.233160
406867.415543	3.267152	184.863281	-4.980469
406867.417544	3.267711	184.863281	-4.980469
406867.419544	3.267312	184.863281	-4.980469
406867.421544	3.267284	35.940121	0.243015
406868.498144	3.267387	33.789062	-396.289062
406868.500148	3.267235	33.789062	-396.289062
406868.502146	3.267096	35.938053	0.187145
406869.513096	3.267064	181.250000	-7.421875
406869.515100	3.267197	181.250000	-7.421875
406869.517099	3.266899	181.250000	-7.421875
406869.519099	3.266881	35.935696	0.216313
406870.561133	3.266787	33.886719	-396.777344
406870.563133	3.267372	33.886719	-396.777344
406870.565135	3.267056	33.886719	-396.777344
406870.567134	3.267096	35.938053	0.226236
406871.612065	3.267629	181.933594	-8.105469
406871.614067	3.267297	181.933594	-8.105469
406871.616067	3.267154	35.938694	0.365424
406872.625062	3.266735	33.593750	-399.121094
406872.627065	3.267806	33.593750	-399.121094
406872.631064	3.267300	33.593750	-399.121094
406872.633064	3.267267	35.939941	0.273310
406873.675125	3.267139	184.960937	-8.105469
406873.677125	3.267064	184.960937	-8.105469
406873.679126	3.266805	35.934853	0.255090
406874.723154	3.267152	26.074219	-413.964844
406874.725157	3.267180	26.074219	-413.964844
406874.727155	3.267056	26.074219	-413.964844
406874.729155	3.267037	35.937408	0.216851
406875.769669	3.263345	181.640625	-4.980469
406875.771670	3.266860	181.640625	-4.980469
406875.773670	3.267201	181.640625	-4.980469
406875.775671	3.266866	181.640625	-4.980469
406875.777671	3.266813	35.934944	0.257473
406876.785721	3.264676	31.835937	-398.925781
406876.787725	3.267026	31.835937	-398.925781
406876.789724	3.267131	31.835937	-398.925781
406876.791724	3.266894	35.935837	0.288715
406877.866703	3.263239	175.195312	0.097656
406877.868705	3.266863	175.195312	0.097656
406877.870707	3.267093	175.195312	0.097656
406877.872705	3.266927	175.195312	0.097656
406877.874705	3.266776	35.934536	0.216706
406878.883678	3.266438	24.218750	-409.375000
406878.885679	3.267682	24.218750	-409.375000
406878.887680	3.267342	24.218750	-409.375000
406878.889680	3.267267	35.939941	0.227813
406879.933690	3.267204	175.195312	3.906250
406879.935692	3.267085	175.195312	3.906250
406879.937692	3.266828	35.935104	0.282834
406880.984311	3.267201	28.320312	-401.757812
406880.986312	3.266934	35.936272	0.811204
406882.030379	3.267186	158.105469	7.031250
406882.032380	3.267471	158.105469	7.031250
406882.034381	3.267000	158.105469	7.031250
406882.036380	3.267045	35.937496	0.201589
406883.080475	3.267359	40.429687	-384.765625
406883.082477	3.266964	40.429687	-384.765625
406883.084478	3.266849	35.935341	0.227753
406884.094548	3.266811	162.988281	6.542969
406884.096552	3.267263	162.988281	6.542969
406884.098550	3.266924	162.988281	6.542969
406884.100552	3.266869	35.935555	0.258050
406885.176592	3.267256	47.070312	-379.296875
406885.178594	3.267149	47.070312	-379.296875
406885.180594	3.266906	35.935963	0.193865
406886.160667	3.267594	177.734375	3.906250
406886.162668	3.267248	177.734375	3.906250
406886.164667	3.267110	35.938206	0.274543
406887.271233	3.264225	37.988281	-395.019531
406887.273235	3.267301	37.988281	-395.019531
406887.275233	3.267419	37.988281	-395.019531
406887.277233	3.267090	37.988281	-395.019531
406887.281231	3.267122	35.938335	0.193413
406888.255228	3.265764	174.121094	1.269531
406888.257230	3.267168	174.121094	1.269531
406888.259230	3.266879	174.121094	1.269531
406888.261229	3.266759	35.934349	0.251018
406889.337257	3.267106	41.210937	-386.230469
406889.339260	3.267603	41.210937	-386.230469
406889.341259	3.267143	41.210937	-386.230469
406889.343260	3.267029	35.937321	0.229165
406890.353825	3.267446	178.417969	-1.171875
406890.355826	3.267430	178.417969	-1.171875
406890.357825	3.267088	35.937965	0.238687
406891.434818	3.267056	30.273437	-402.734375
406891.436821	3.267321	30.273437	-402.734375
406891.438819	3.266920	30.273437	-402.734375
406891.440821	3.266836	35.935192	0.189123
406892.448861	3.264567	173.242187	-3.320312
406892.450864	3.267211	173.242187	-3.320312
406892.452862	3.267336	173.242187	-3.320312
406892.454864	3.266950	35.936451	0.202567
406893.498931	3.266787	33.789062	-395.800781
406893.500934	3.267376	33.789062	-395.800781
406893.502934	3.266930	33.789062	-395.800781
406893.504933	3.266913	35.936043	0.294359
406894.514986	3.266972	185.742187	-5.371094
406894.516988	3.267177	185.742187	-5.371094
406894.518989	3.266948	185.742187	-5.371094
406894.520988	3.266832	35.935146	0.278125
406895.595928	3.267126	25.976562	-408.203125
406895.597929	3.267735	25.976562	-408.203125
406895.599929	3.267464	25.976562	-408.203125
406895.601929	3.267374	35.941113	0.197079
406896.613987	3.267658	175.683594	-4.980469
406896.615990	3.267193	175.683594	-4.980469
406896.617991	3.267143	35.938580	0.235186
406897.662028	3.267350	34.765625	-395.117187
406897.664031	3.266898	34.765625	-395.117187
406897.666031	3.266749	35.934235	0.249222
406898.710116	3.267370	172.460937	-3.808594
406898.712117	3.267053	172.460937	-3.808594
406898.714118	3.266926	35.936184	0.204004
406899.756738	3.265721	28.125000	-404.687500
406899.758742	3.267306	28.125000	-404.687500
406899.760740	3.266998	28.125000	-404.687500
406899.762740	3.266967	35.936638	0.239291
406900.774804	3.267391	180.957031	-3.515625
406900.776806	3.267012	180.957031	-3.515625
406900.778806	3.266964	35.936600	0.269405
406901.853394	3.264714	31.250000	-399.218750
406901.855396	3.267006	31.250000	-399.218750
406901.859394	3.266723	31.250000	-399.218750
406901.861396	3.266721	35.933926	0.197531
406902.869481	3.265260	168.847656	-1.074219
406902.871484	3.267147	168.847656	-1.074219
406902.873483	3.266932	168.847656	-1.074219
406902.875485	3.266735	35.934082	0.215374
406903.919566	3.267224	45.703125	-377.539062
406903.923570	3.267092	45.703125	-377.539062
406903.925571	3.267040	45.703125	-377.539062
406903.927570	3.267094	35.938034	0.279893
406904.938114	3.267404	169.531250	2.929687
406904.940117	3.267147	169.531250	2.929687
406904.942118	3.267146	35.938606	0.274777
406906.018132	3.267415	45.117187	-381.835937
406906.020134	3.266973	45.117187	-381.835937
406906.022134	3.266988	35.936867	0.220042
406907.031086	3.265529	165.136719	6.054687
406907.033086	3.267266	165.136719	6.054687
406907.035087	3.267006	165.136719	6.054687
406907.037088	3.266887	35.935760	0.227883
406908.111625	3.263764	40.820312	-393.066406
406908.113629	3.267142	40.820312	-393.066406
406908.115627	3.267658	40.820312	-393.066406
406908.117629	3.267194	40.820312	-393.066406
406908.119630	3.267268	35.939949	0.202739
406909.127664	2.144573	152.636719	8.789062
406909.129667	3.267270	152.636719	8.789062
406909.131672	3.267510	152.636719	8.789062
406909.133672	3.267071	152.636719	8.789062
406909.135673	3.267040	35.937443	0.203828
406910.177737	3.267192	43.945312	-381.054687
406910.179740	3.267852	43.945312	-381.054687
406910.181737	3.267481	43.945312	-381.054687
406910.183740	3.267279	35.940063	0.248037
406911.192347	3.265395	166.992187	8.886719
406911.194350	3.267524	166.992187	8.886719
406911.196350	3.267428	166.992187	8.886719
406911.198350	3.267451	35.941963	0.281291
406912.274334	3.266214	28.613281	-404.199219
406912.276337	3.267409	28.613281	-404.199219
406912.278335	3.267061	28.613281	-404.199219
406912.280335	3.266932	35.936256	0.195359
406913.290396	3.266551	161.230469	8.593750
406913.292399	3.267429	161.230469	8.593750
406913.294398	3.267084	161.230469	8.593750
406913.296397	3.266846	35.935307	0.272089
406914.340455	3.267537	19.335937	-418.945312
406914.342456	3.267257	19.335937	-418.945312
406914.344457	3.267179	35.938965	0.242118
406915.388541	3.267142	165.722656	5.664062
406915.390545	3.267125	165.722656	5.664062
406915.392544	3.266889	35.935776	0.230063
406916.436613	3.266674	15.234375	-429.589844
406916.438613	3.267063	15.234375	-429.589844
406916.440613	3.266688	15.234375	-429.589844
406916.442613	3.266643	35.933075	0.302742
406917.483172	3.263171	167.871094	2.246094
406917.485173	3.266811	167.871094	2.246094
406917.487173	3.267140	167.871094	2.246094
406917.489176	3.266830	167.871094	2.246094
406917.491174	3.266756	35.934315	0.236248
406918.500190	3.266341	23.730469	-416.406250
406918.502192	3.267598	23.730469	-416.406250
406918.504192	3.267328	23.730469	-416.406250
406918.508191	3.267205	35.939251	0.258486
406919.582181	3.267259	164.550781	-0.585937
406919.586182	3.267415	164.550781	-0.585937
406919.588182	3.267230	164.550781	-0.585937
406919.590183	3.267266	35.939922	0.177029
406920.596744	3.265326	15.136719	-428.613281
406920.598746	3.267669	15.136719	-428.613281
406920.600745	3.267608	15.136719	-428.613281
406920.602746	3.267360	35.940964	0.217699
406921.646829	3.267547	171.582031	-3.125000
406921.648829	3.267624	171.582031	-3.125000
406921.650830	3.267573	171.582031	-3.125000
406921.652829	3.267244	35.939686	0.421030
406922.697414	3.267329	11.132812	-431.250000
406922.701416	3.266948	11.132812	-431.250000
406922.703417	3.266909	35.935997	0.390509
406923.743449	3.266609	162.988281	-3.515625
406923.745450	3.267249	162.988281	-3.515625
406923.747451	3.266966	162.988281	-3.515625
406923.749449	3.266999	35.936993	0.211766
406924.759466	3.266860	21.093750	-415.527344
406924.761469	3.267192	21.093750	-415.527344
406924.763467	3.266884	21.093750	-415.527344
406924.765467	3.266849	35.935341	0.270587
406925.807509	3.266248	172.070312	-4.296875
406925.811509	3.266989	172.070312	-4.296875
406925.813511	3.266911	172.070312	-4.296875
406925.815511	3.266928	35.936211	0.225142
406926.857545	3.267255	19.531250	-415.820312
406926.859546	3.267234	19.531250	-415.820312
406926.861547	3.266926	35.936184	0.224977
406927.903614	3.264241	163.867187	-2.636719
406927.905617	3.267344	163.867187	-2.636719
406927.907618	3.267807	163.867187	-2.636719
406927.909616	3.267141	163.867187	-2.636719
406927.911617	3.267186	35.939049	0.220273
406928.953657	3.267134	19.628906	-414.160156
406928.955659	3.267785	19.628906	-414.160156
406928.957659	3.267425	19.628906	-414.160156
406928.959657	3.267307	35.940376	0.179302
406929.968621	3.265778	170.800781	-3.320312
406929.970622	3.267639	170.800781	-3.320312
406929.972622	3.267488	170.800781	-3.320312
406929.974621	3.267219	35.939411	0.250144
406931.016623	3.264624	25.000000	-405.664062
406931.018627	3.267215	25.000000	-405.664062
406931.020628	3.267255	25.000000	-405.664062
406931.022632	3.267221	25.000000	-405.664062
406931.026639	3.267117	35.938286	0.262805
406932.066674	3.266811	163.183594	-2.246094
406932.068677	3.267601	163.183594	-2.246094
406932.070675	3.267128	163.183594	-2.246094
406932.072675	3.267117	35.938286	0.216509
406933.115143	3.266881	25.585937	-405.957031
406933.117145	3.267490	25.585937	-405.957031
406933.119145	3.267215	25.585937	-405.957031
406933.121145	3.266961	35.936565	0.229987
406934.166133	3.267304	163.671875	-2.148437
406934.168133	3.266950	163.671875	-2.148437
406934.170135	3.266884	35.935722	0.338080
406935.212709	3.266796	14.453125	-421.386719
406935.214710	3.267133	14.453125	-421.386719
406935.216711	3.266889	14.453125	-421.386719
406935.218711	3.266807	35.934879	0.335160
406936.228802	3.267231	171.679687	-2.539062
406936.230802	3.267440	171.679687	-2.539062
406936.232802	3.267006	35.937069	0.244750
406937.277360	3.267384	25.488281	-408.984375
406937.279360	3.267486	25.488281	-408.984375
406937.281361	3.267036	35.937397	0.549012
406938.323899	3.264409	163.378906	-1.855469
406938.325903	3.267429	163.378906	-1.855469
406938.327902	3.267627	163.378906	-1.855469
406938.329900	3.267302	163.378906	-1.855469
406938.331901	3.267256	35.939819	0.208595
406939.373940	3.266524	18.750000	-417.968750
406939.375941	3.267336	18.750000	-417.968750
406939.377941	3.266886	18.750000	-417.968750
406939.379943	3.266877	35.935642	0.212791
406940.423985	3.267519	158.789062	-1.074219
406940.425986	3.267217	158.789062	-1.074219
406940.427987	3.267053	35.937584	0.198620
406941.440500	3.267125	20.312500	-416.894531
406941.442501	3.267198	20.312500	-416.894531
406941.444500	3.266838	35.935219	0.290491
406942.488560	3.267762	171.875000	-1.953125
406942.490562	3.267461	171.875000	-1.953125
406942.492561	3.267321	35.940536	0.243532
406943.535143	3.266915	16.406250	-424.511719
406943.537145	3.267811	16.406250	-424.511719
406943.539146	3.267367	16.406250	-424.511719
406943.543143	3.267301	35.940315	0.220141
406944.585187	3.267264	169.824219	-1.171875
406944.587189	3.267078	169.824219	-1.171875
406944.589188	3.266906	35.935970	0.220054
406945.599210	3.265827	22.753906	-418.066406
406945.601214	3.267229	22.753906	-418.066406
406945.603212	3.267117	22.753906	-418.066406
406945.605211	3.266838	35.935219	0.267642
406946.681299	3.266604	161.914062	1.464844
406946.683300	3.267125	161.914062	1.464844
406946.685301	3.266730	161.914062	1.464844
406946.687300	3.266774	35.934509	0.201544
406947.695907	3.265294	17.578125	-426.660156
406947.697909	3.267489	17.578125	-426.660156
406947.699907	3.267340	17.578125	-426.660156
406947.701908	3.267394	35.941334	0.228137
406948.744846	3.266170	163.964844	3.808594
406948.746847	3.267746	163.964844	3.808594
406948.748848	3.267540	163.964844	3.808594
406948.750848	3.267289	35.940182	0.252349
406949.792878	3.264716	12.597656	-434.082031
406949.794880	3.267002	12.597656	-434.082031
406949.796879	3.267116	12.597656	-434.082031
406949.798879	3.266761	35.934368	0.196061
406950.841815	3.265594	154.296875	8.398437
406950.843817	3.267143	154.296875	8.398437
406950.845817	3.267010	154.296875	8.398437
406950.847816	3.266815	35.934971	0.224932
406951.857904	3.265641	22.265625	-416.015625
406951.859905	3.267155	22.265625	-416.015625
406951.861904	3.266868	22.265625	-416.015625
406951.863904	3.266732	35.934055	0.265643
406952.906450	3.265679	161.035156	11.132812
406952.908453	3.267076	161.035156	11.132812
406952.910453	3.266756	161.035156	11.132812
406952.914450	3.266633	35.932957	0.271258
406953.954452	3.265084	22.851562	-415.527344
406953.956454	3.267495	22.851562	-415.527344
406953.960453	3.267275	22.851562	-415.527344
406953.964453	3.267252	35.939774	0.225130
406955.004487	3.267005	144.433594	13.378906
406955.006491	3.267243	144.433594	13.378906
406955.008490	3.267004	144.433594	13.378906
406955.010490	3.266941	35.936352	0.221949
406956.052537	3.266569	33.203125	-402.636719
406956.054538	3.267486	33.203125	-402.636719
406956.056537	3.267171	33.203125	-402.636719
406956.058539	3.266974	35.936718	0.213532
406957.068531	3.266746	149.316406	13.574219
406957.070532	3.267429	149.316406	13.574219
406957.072531	3.267070	149.316406	13.574219
406957.074531	3.267010	35.937115	0.248801
406958.148631	3.264647	36.035156	-402.246094
406958.150638	3.267317	36.035156	-402.246094
406958.152636	3.267365	36.035156	-402.246094
406958.154637	3.267077	35.937851	0.212808
406959.164655	3.264809	144.531250	12.304687
406959.166657	3.267038	144.531250	12.304687
406959.168657	3.266911	144.531250	12.304687
406959.170657	3.266715	35.933865	0.218147
406960.246765	3.266509	32.421875	-405.371094
406960.248768	3.267264	32.421875	-405.371094
406960.250767	3.266908	32.421875	-405.371094
406960.252767	3.266845	35.935299	0.181366
406961.228789	3.263947	156.640625	10.156250
406961.230813	3.266980	156.640625	10.156250
406961.232817	3.267061	156.640625	10.156250
406961.234817	3.266684	156.640625	10.156250
406961.236817	3.266698	35.933678	0.262554
406962.310899	3.266184	36.718750	-394.726562
406962.312901	3.267703	36.718750	-394.726562
406962.314902	3.267286	36.718750	-394.726562
406962.316900	3.267067	35.937737	0.227383
406963.326935	3.266204	156.347656	7.421875
406963.330935	3.266774	156.347656	7.421875
406963.332938	3.266639	156.347656	7.421875
406963.334938	3.266601	35.932613	0.228594
406964.409491	3.267057	28.808594	-400.000000
406964.411494	3.267192	28.808594	-400.000000
406964.413494	3.266895	35.935848	0.195799
406965.426052	3.267630	149.609375	5.273437
406965.428054	3.267244	149.609375	5.273437
406965.430055	3.267286	35.940147	0.203429
406966.474092	3.267035	28.515625	-397.851562
406966.476094	3.266953	28.515625	-397.851562
406966.478094	3.266726	35.933987	0.255496
406967.490134	3.267287	158.398437	3.906250
406967.492137	3.267012	158.398437	3.906250
406967.494138	3.266830	35.935131	0.262985
406968.570203	3.266780	24.218750	-402.343750
406968.572205	3.267524	24.218750	-402.343750
406968.574205	3.267216	24.218750	-402.343750
406968.576206	3.267122	35.938335	0.207263
406969.588237	3.267402	156.445312	3.808594
406969.590241	3.266892	156.445312	3.808594
406969.594237	3.266918	35.936096	0.285446
406970.666289	3.264863	19.921875	-406.933594
406970.668291	3.267156	19.921875	-406.933594
406970.672287	3.266797	19.921875	-406.933594
406970.674289	3.266811	35.934917	0.192770
406971.682347	3.265737	149.804687	4.589844
406971.684349	3.267255	149.804687	4.589844
406971.686348	3.267010	149.804687	4.589844
406971.688349	3.266811	35.934925	0.206456
406972.730424	3.264470	31.250000	-394.433594
406972.732428	3.266977	31.250000	-394.433594
406972.734431	3.266981	31.250000	-394.433594
406972.736427	3.266792	35.934711	0.243415
406973.750567	3.266904	152.148437	6.542969
406973.752570	3.266797	152.148437	6.542969
406973.754569	3.266732	35.934048	0.850259
406974.828605	3.266383	28.320312	-400.390625
406974.830609	3.267390	28.320312	-400.390625
406974.832607	3.267053	28.320312	-400.390625
406974.834609	3.267193	35.939125	0.207413
406975.844648	3.266655	149.609375	8.984375
406975.848647	3.266884	149.609375	8.984375
406975.850649	3.266804	149.609375	8.984375
406975.852649	3.266844	35.935280	0.204828
406976.925210	3.265530	29.980469	-401.855469
406976.927214	3.267106	29.980469	-401.855469
406976.929212	3.266892	29.980469	-401.855469
406976.931215	3.266742	35.934166	0.193125
406977.909257	3.266682	152.343750	12.109375
406977.911260	3.267143	152.343750	12.109375
406977.913259	3.266803	152.343750	12.109375
406977.915260	3.266717	35.933887	0.290403
406978.989297	3.265127	35.937500	-398.828125
406978.991299	3.267559	35.937500	-398.828125
406978.995298	3.267302	35.937500	-398.828125
406978.997299	3.267169	35.938862	0.219988
406980.005371	3.265685	142.285156	14.257812
406980.007374	3.267500	142.285156	14.257812
406980.009374	3.267321	142.285156	14.257812
406980.011373	3.267023	35.937256	0.228383
406981.087437	3.266896	26.953125	-411.523437
406981.089439	3.267448	26.953125	-411.523437
406981.091438	3.267110	26.953125	-411.523437
406981.093437	3.267106	35.938160	0.189809
406982.105532	3.267731	142.089844	15.136719
406982.107533	3.267306	142.089844	15.136719
406982.109535	3.267312	35.940430	0.212641
406983.156037	3.266842	22.558594	-414.941406
406983.158041	3.266774	22.558594	-414.941406
406983.160040	3.266812	35.934937	0.227341
406984.202095	3.267163	141.894531	15.429687
406984.204097	3.266859	141.894531	15.429687
406984.206095	3.266737	35.934101	0.192182
406985.250676	3.267236	14.355469	-424.511719
406985.252678	3.266964	14.355469	-424.511719
406985.254676	3.266728	35.934013	0.192200
406986.297656	3.266807	140.332031	13.671875
406986.299656	3.267396	140.332031	13.671875
406986.301657	3.266945	140.332031	13.671875
406986.303657	3.266927	35.936195	0.187646
406987.313712	3.266791	10.253906	-429.687500
406987.315715	3.267280	10.253906	-429.687500
406987.317715	3.266932	10.253906	-429.687500
406987.319715	3.266957	35.936531	0.283316
406988.361844	3.266342	151.269531	10.937500
406988.363848	3.267258	151.269531	10.937500
406988.365845	3.266961	151.269531	10.937500
406988.367847	3.266755	35.934307	0.232097
406989.409864	3.265648	6.835937	-434.570312
406989.411866	3.267135	6.835937	-434.570312
406989.415864	3.266802	6.835937	-434.570312
406989.417865	3.266775	35.934525	0.180845
406990.458422	3.265722	149.316406	8.007812
406990.460424	3.265769	149.316406	8.007812
406990.462423	3.267179	149.316406	8.007812
406990.464422	3.266945	35.936398	0.218872
406991.474464	3.265891	13.281250	-425.585937
406991.476465	3.267140	13.281250	-425.585937
406991.478466	3.266869	13.281250	-425.585937
406991.480466	3.266790	35.934685	0.242957
406992.554544	3.262646	146.875000	6.347656
406992.558544	3.267160	146.875000	6.347656
406992.560546	3.266877	146.875000	6.347656
406992.562547	3.266801	35.934811	0.180168
406993.572633	3.267414	10.742187	-425.976562
406993.574634	3.267660	10.742187	-425.976562
406993.576633	3.267436	10.742187	-425.976562
406993.578634	3.267231	35.939545	0.208454
406994.619570	3.264500	154.101562	4.394531
406994.621574	3.267033	154.101562	4.394531
406994.623573	3.267023	154.101562	4.394531
406994.625574	3.266769	35.934456	0.232151
406995.669663	3.267012	4.882812	-430.859375
406995.671667	3.267297	4.882812	-430.859375
406995.673666	3.266974	4.882812	-430.859375
406995.675668	3.266987	35.936859	0.182145
406996.718204	3.266907	149.414062	4.394531
406996.720207	3.267238	149.414062	4.394531
406996.722206	3.266923	149.414062	4.394531
406996.724207	3.266828	35.935104	0.316638
406997.738242	3.266855	7.714844	-426.562500
406997.740243	3.266842	35.935265	0.498606
406998.782305	3.266551	160.449219	3.125000
406998.786305	3.267074	160.449219	3.125000
406998.788314	3.267027	160.449219	3.125000
406998.790317	3.267032	35.937355	0.239915
406999.830888	3.266989	5.175781	-428.320312
406999.832890	3.267610	5.175781	-428.320312
406999.834889	3.267228	5.175781	-428.320312
406999.836890	3.267104	35.938145	0.202327
407000.878907	3.265718	154.101562	3.613281
407000.882910	3.267015	154.101562	3.613281
407000.884911	3.266918	154.101562	3.613281
407000.886910	3.267075	35.937824	0.218009
407001.894969	3.266505	16.894531	-415.527344
407001.896972	3.267546	16.894531	-415.527344
407001.898970	3.267190	16.894531	-415.527344
407001.900970	3.267091	35.938000	0.246292
407002.975933	3.266273	150.000000	4.492187
407002.977934	3.267708	150.000000	4.492187
407002.979933	3.267401	150.000000	4.492187
407002.981934	3.267251	35.939762	0.194090
407003.992494	3.266684	7.031250	-428.027344
407003.994497	3.267212	7.031250	-428.027344
407003.996498	3.266809	7.031250	-428.027344
407003.998496	3.266748	35.934223	0.227136
407005.040544	3.266243	158.398437	5.175781
407005.042544	3.267492	158.398437	5.175781
407005.044544	3.267132	158.398437	5.175781
407005.046544	3.266994	35.936928	0.224554
407006.088550	3.265133	2.148437	-435.546875
407006.090555	3.267319	2.148437	-435.546875
407006.092552	3.267237	2.148437	-435.546875
407006.094552	3.266931	35.936237	0.192281
407007.136636	3.263908	152.636719	7.324219
407007.138638	3.266974	152.636719	7.324219
407007.140638	3.267175	152.636719	7.324219
407007.142638	3.266934	152.636719	7.324219
407007.144636	3.266832	35.935158	0.224753
407008.156712	3.266842	5.566406	-432.421875
407008.158715	3.266654	5.566406	-432.421875
407008.160715	3.266583	35.932419	0.669010
407009.234773	3.266524	142.675781	10.839844
407009.236777	3.267744	142.675781	10.839844
407009.240773	3.267240	142.675781	10.839844
407009.242776	3.267170	35.938869	0.180301
407010.250843	3.266243	6.738281	-431.347656
407010.252846	3.267151	6.738281	-431.347656
407010.254845	3.266891	6.738281	-431.347656
407010.256845	3.266679	35.933464	0.205386
407011.299449	3.266156	143.945312	13.183594
407011.301451	3.267201	143.945312	13.183594
407011.303451	3.266861	143.945312	13.183594
407011.305451	3.266706	35.933765	0.234420
407012.347547	3.265992	5.371094	-434.082031
407012.349551	3.267606	5.371094	-434.082031
407012.351549	3.267600	5.371094	-434.082031
407012.353550	3.267257	35.939827	0.187250
407013.395575	3.264973	136.816406	15.625000
407013.397576	3.267299	136.816406	15.625000
407013.399576	3.267251	136.816406	15.625000
407013.401575	3.267023	35.937248	0.180583
407014.413620	3.267131	19.042969	-412.890625
407014.415624	3.267109	19.042969	-412.890625
407014.417624	3.266744	35.934181	0.247180
407015.465656	3.266770	134.570312	17.285156
407015.467657	3.266683	134.570312	17.285156
407015.469657	3.266769	35.934456	0.430765
407016.509744	3.266418	27.832031	-403.320312
407016.511745	3.267060	27.832031	-403.320312
407016.513745	3.266776	27.832031	-403.320312
407016.515746	3.266715	35.933865	0.206973
407017.524726	3.265525	138.281250	17.285156
407017.526728	3.267150	138.281250	17.285156
407017.528728	3.266955	138.281250	17.285156
407017.530728	3.266744	35.934181	0.254750
407018.606854	3.266983	27.246094	-406.250000
407018.608856	3.267588	27.246094	-406.250000
407018.610858	3.267236	27.246094	-406.250000
407018.612858	3.267209	35.939293	0.202426
407019.622877	3.266677	134.277344	15.820312
407019.624879	3.267338	134.277344	15.820312
407019.626882	3.266968	134.277344	15.820312
407019.628883	3.266815	35.934971	0.222421
407020.703015	3.265237	28.027344	-402.343750
407020.705016	3.267102	28.027344	-402.343750
407020.707015	3.267057	28.027344	-402.343750
407020.709016	3.266715	35.933865	0.195529
407021.689038	3.267331	143.750000	14.257812
407021.691042	3.266954	143.750000	14.257812
407021.693042	3.266946	35.936405	0.262406
407022.767079	3.264497	30.468750	-394.335937
407022.769101	3.267420	30.468750	-394.335937
407022.773104	3.267239	30.468750	-394.335937
407022.775105	3.267181	30.468750	-394.335937
407022.777104	3.267153	35.938683	0.240136
407023.783134	3.264668	146.972656	12.304687
407023.785136	3.267075	146.972656	12.304687
407023.787135	3.266932	146.972656	12.304687
407023.789135	3.266834	35.935173	0.235850
407024.864044	3.263947	23.730469	-398.242187
407024.866044	3.267323	23.730469	-398.242187
407024.868044	3.267628	23.730469	-398.242187
407024.870044	3.267173	23.730469	-398.242187
407024.872044	3.267128	35.938408	0.205877
407025.880129	3.264449	141.503906	10.449219
407025.882131	3.267219	141.503906	10.449219
407025.884132	3.267290	141.503906	10.449219
407025.886131	3.266973	35.936707	0.212016
407026.962193	3.265759	13.671875	-405.761719
407026.964195	3.267183	13.671875	-405.761719
407026.966195	3.266872	13.671875	-405.761719
407026.968207	3.266822	35.935040	0.176683
407027.978221	3.265916	138.281250	9.375000
407027.980224	3.267084	138.281250	9.375000
407027.982224	3.266768	138.281250	9.375000
407027.984225	3.266709	35.933800	0.188708
407029.026283	3.265754	23.925781	-395.898437
407029.028286	3.267442	23.925781	-395.898437
407029.030286	3.267307	23.925781	-395.898437
407029.034283	3.267085	35.937931	0.222097
407030.042866	3.266664	145.214844	10.253906
407030.044867	3.267467	145.214844	10.253906
407030.046867	3.267072	145.214844	10.253906
407030.048867	3.266953	35.936485	0.235183
407031.122942	3.264421	18.066406	-401.074219
407031.126949	3.267322	18.066406	-401.074219
407031.128951	3.266996	18.066406	-401.074219
407031.130950	3.266921	35.936131	0.190395
407032.139005	3.265152	140.722656	10.742187
407032.141009	3.267162	140.722656	10.742187
407032.143007	3.267086	140.722656	10.742187
407032.145007	3.266865	35.935509	0.202352
407033.189050	3.266874	33.300781	-384.765625
407033.191054	3.267308	33.300781	-384.765625
407033.193052	3.266870	33.300781	-384.765625
407033.195053	3.266837	35.935207	0.389542
407034.204003	3.266309	144.335937	12.304687
407034.206006	3.267389	144.335937	12.304687
407034.208005	3.267122	144.335937	12.304687
407034.210006	3.266905	35.935951	0.251416
407035.286088	3.266611	25.488281	-396.777344
407035.288088	3.267076	25.488281	-396.777344
407035.290088	3.267079	25.488281	-396.777344
407035.292093	3.266637	35.933010	0.261471
407036.302161	3.267169	133.300781	14.550781
407036.304163	3.267453	133.300781	14.550781
407036.306163	3.266964	133.300781	14.550781
407036.308162	3.266991	35.936901	0.198902
407037.382211	3.265492	28.125000	-399.609375
407037.384214	3.267428	28.125000	-399.609375
407037.386212	3.267270	28.125000	-399.609375
407037.388213	3.267057	35.937630	0.197116
407038.366778	3.267321	143.066406	16.992187
407038.368780	3.267338	143.066406	16.992187
407038.370784	3.267026	35.937283	0.260052
407039.451342	3.266865	34.667969	-394.531250
407039.453344	3.266840	34.667969	-394.531250
407039.455342	3.266841	35.935253	0.240131
407040.463983	3.266908	133.203125	18.457031
407040.465984	3.266973	133.203125	18.457031
407040.467986	3.266714	35.933853	0.237838
407041.544061	3.266363	18.261719	-415.234375
407041.546062	3.266444	18.261719	-415.234375
407041.548063	3.267317	18.261719	-415.234375
407041.550064	3.267194	35.939133	0.188044
407042.560104	3.266390	130.566406	18.945312
407042.562103	3.267313	130.566406	18.945312
407042.564103	3.267012	130.566406	18.945312
407042.566104	3.266847	35.935314	0.222537
407043.612171	3.267089	20.410156	-410.253906
407043.614172	3.266989	35.936886	0.232562
