time (s)	energy (uJ)	charge (mC)	voltage (mV)	crossing#mod 255
406734.966196	41.241974	0.035941	1.147484	90
406736.019426	35.403606	0.035933	0.985258	91
406737.067005	38.761288	0.035937	1.078590	92
406738.083595	39.572838	0.035940	1.101088	93
406739.192446	28.722918	0.035940	0.799183	94
406740.179556	36.433636	0.035938	1.013803	95
406741.257116	32.787167	0.035936	0.912381	96
406742.276915	38.658516	0.035939	1.075685	97
406743.345584	29.415956	0.035936	0.818567	98
406744.368595	38.832729	0.035935	1.080642	99
406745.383380	44.139568	0.035941	1.228124	100
406746.370865	62.963776	0.035937	1.752049	101
406747.486482	38.867874	0.035937	1.081542	102
406748.537685	35.482330	0.035938	0.987325	103
406749.568917	43.581596	0.035939	1.212638	104
406750.566676	55.305805	0.035938	1.538926	105
406751.713842	31.434092	0.035936	0.874717	106
406752.700258	37.009819	0.035933	1.029964	107
406753.774288	34.197060	0.035934	0.951661	108
406754.756943	50.370956	0.035934	1.401776	109
406755.861456	32.114567	0.035938	0.893618	110
406756.895784	38.285950	0.035934	1.065461	111
406757.939752	27.562277	0.035936	0.766990	112
406758.988052	29.915409	0.035939	0.832399	113
406759.996760	35.659897	0.035935	0.992344	114
406761.047567	42.293793	0.035936	1.176934	115
406762.097437	36.340099	0.035939	1.011160	116
406763.149593	37.767033	0.035936	1.050939	117
406764.186817	28.749584	0.035936	0.800016	118
406765.246842	33.018341	0.035936	0.918799	119
406766.257945	39.818531	0.035937	1.108023	120
406767.307496	41.075077	0.035942	1.142817	121
406768.359764	32.473831	0.035934	0.903709	122
406769.408642	35.797611	0.035934	0.996214	123
406770.451923	32.201141	0.035938	0.896011	124
406771.473300	37.941345	0.035933	1.055892	125
406772.550421	31.837282	0.035940	0.885854	126
406773.568981	32.751961	0.035939	0.911328	127
406774.647392	32.042530	0.035935	0.891690	128
406775.634147	41.300201	0.035935	1.149306	129
406776.716091	34.810852	0.035934	0.968738	130
406777.733984	39.036602	0.035938	1.086228	131
406778.640015	86.060242	0.035935	2.394879	132
406779.828637	39.141933	0.035936	1.089206	133
406780.872954	33.244488	0.035937	0.925066	134
406781.926384	35.368576	0.035937	0.984182	135
406782.941796	37.938721	0.035935	1.055757	136
406783.990197	41.552593	0.035938	1.156227	137
406785.071589	27.335487	0.035940	0.760585	138
406786.077348	38.207443	0.035938	1.063145	139
406787.164736	29.035051	0.035936	0.807967	140
406788.152460	39.937424	0.035941	1.111195	141
406789.229037	35.870071	0.035935	0.998206	142
406790.244715	36.450996	0.035940	1.014211	143
406791.326230	31.808418	0.035940	0.885037	144
406792.341893	36.200962	0.035937	1.007335	145
406793.390878	35.848541	0.035939	0.997493	146
406794.824256	8.383609	0.035940	0.233270	147
406795.465350	41.743263	0.035938	1.161533	148
406796.531314	30.046009	0.035937	0.836084	149
406797.567100	32.888077	0.035938	0.915137	150
406798.632416	28.741329	0.035941	0.799676	151
406799.641673	34.412479	0.035936	0.957616	152
406800.697837	36.947002	0.035940	1.028017	153
406801.712987	40.540508	0.035941	1.127971	154
406802.795010	29.765369	0.035938	0.828231	155
406803.810598	32.716393	0.035934	0.910466	156
406804.863365	40.557644	0.035935	1.128630	157
406805.875043	43.762711	0.035938	1.217738	158
406806.957054	33.013317	0.035941	0.918530	159
406807.971906	37.086437	0.035934	1.032067	160
406809.124267	13.477125	0.035938	0.375009	161
406810.076900	34.849915	0.035936	0.969773	162
406811.117965	40.326775	0.035937	1.122138	163
406812.133716	44.674309	0.035934	1.243220	164
406813.234669	29.914152	0.035935	0.832449	165
406814.236054	35.847057	0.035937	0.997486	166
406815.316458	30.015736	0.035935	0.835289	167
406816.328231	36.510551	0.035939	1.015917	168
406817.376091	35.788639	0.035936	0.995901	169
406818.429334	29.470306	0.035936	0.820087	170
406819.473528	32.272655	0.035934	0.898117	171
406820.489827	43.543037	0.035935	1.211728	172
406821.538363	33.244553	0.035938	0.925052	173
406822.586202	37.817196	0.035936	1.052361	174
406823.603405	40.381321	0.035936	1.123703	175
406824.684055	37.088608	0.035938	1.032009	176
406825.699270	37.042278	0.035938	1.030738	177
406826.789205	101.326004	0.035939	2.819387	178
406827.801328	33.625393	0.035939	0.935620	179
406828.845580	32.894848	0.035939	0.915301	180
406829.902288	31.191433	0.035935	0.867989	181
406830.942832	30.457895	0.035936	0.847556	182
406831.991215	32.089321	0.035939	0.892887	183
406833.004885	37.649132	0.035935	1.047702	184
406834.055604	39.517437	0.035940	1.099550	185
406835.111099	29.822874	0.035933	0.829959	186
406836.152986	32.813309	0.035941	0.912990	187
406837.172908	38.682251	0.035937	1.076387	188
406838.217539	39.207874	0.035938	1.090992	189
406839.265905	38.673222	0.035941	1.076031	190
406840.319791	31.597050	0.035935	0.879287	191
406841.362865	38.930916	0.035935	1.083366	192
406842.385485	39.003723	0.035941	1.085214	193
406843.459779	30.660105	0.035938	0.853144	194
406844.471934	32.526222	0.035937	0.905083	195
406845.557103	32.334446	0.035938	0.899724	196
406846.544197	41.178108	0.035936	1.145878	197
406847.623685	36.758381	0.035937	1.022863	198
406848.637505	36.976986	0.035938	1.028900	199
406849.719054	32.121376	0.035934	0.893897	200
406850.736272	32.272499	0.035937	0.898026	201
406851.818299	29.473112	0.035938	0.820113	202
406852.803448	41.256973	0.035935	1.148103	203
406853.880093	34.331745	0.035935	0.955390	204
406854.892901	36.018501	0.035937	1.002281	205
406855.977500	32.638309	0.035940	0.908132	206
406856.960209	44.281445	0.035938	1.232146	207
406858.074124	28.005026	0.035937	0.779273	208
406859.057906	40.276318	0.035937	1.120734	209
406860.137846	33.950726	0.035935	0.944783	210
406861.159051	32.443287	0.035935	0.902820	211
406862.236212	32.115414	0.035936	0.893674	212
406863.219128	42.258820	0.035936	1.175937	213
406864.337488	26.538027	0.035935	0.738499	214
406865.316326	37.498779	0.035933	1.043576	215
406866.390370	36.614410	0.035935	1.018918	216
406867.408600	37.023502	0.035940	1.030144	217
406868.499105	27.756678	0.035938	0.772348	218
406869.516768	30.820082	0.035936	0.857645	219
406870.559600	34.494961	0.035938	0.959845	220
406871.612669	28.554613	0.035939	0.794537	221
406872.622797	41.137009	0.035940	1.144604	222
406873.676672	36.269440	0.035935	1.009311	223
406874.725981	31.614656	0.035937	0.879714	224
406875.769387	37.881248	0.035935	1.054162	225
406876.785389	41.957520	0.035936	1.167568	226
406877.866389	31.527750	0.035935	0.877366	227
406878.882499	33.797745	0.035940	0.940395	228
406879.935061	40.962692	0.035935	1.139907	229
406880.984311	32.273998	0.035936	0.898090	230
406882.035784	29.235559	0.035937	0.813511	231
406883.080925	32.962261	0.035935	0.917266	232
406884.078781	43.056427	0.035936	1.198157	233
406885.177981	29.113434	0.035936	0.810148	234
406886.161239	39.744617	0.035938	1.105915	235
406887.270926	28.541403	0.035938	0.794177	236
406888.254164	37.149059	0.035934	1.033804	237
406889.355234	28.393042	0.035937	0.790071	238
406890.355741	34.251404	0.035938	0.953070	239
406891.440013	26.307718	0.035935	0.732088	240
406892.448318	29.187710	0.035936	0.812203	241
406893.491277	37.983223	0.035936	1.056967	242
406894.521590	38.044910	0.035935	1.058710	243
406895.592284	29.635170	0.035941	0.824548	244
406896.614181	34.275063	0.035939	0.953712	245
406897.662525	35.905029	0.035934	0.999187	246
406898.710690	29.615120	0.035936	0.824103	247
406899.756143	34.782085	0.035937	0.967873	248
406900.775031	38.709652	0.035937	1.077165	249
406901.853105	29.262079	0.035934	0.814330	250
406902.868653	31.551306	0.035934	0.878033	251
406903.918663	40.948818	0.035938	1.139428	252
406904.938125	38.647461	0.035939	1.075375	253
406906.018060	32.326202	0.035937	0.899528	254
406907.030354	33.425591	0.035936	0.930148	255
406908.111518	30.365259	0.035940	0.844889	0
406909.127663	30.151241	0.035937	0.838992	1
406910.159894	41.568108	0.035940	1.156595	2
406911.192298	41.442543	0.035942	1.153041	3
406912.272644	29.369656	0.035936	0.817271	4
406913.284838	39.398476	0.035935	1.096372	5
406914.340892	33.835838	0.035939	0.941481	6
406915.390411	32.604698	0.035936	0.907305	7
406916.466846	22.654469	0.035933	0.630463	8
406917.482885	34.539227	0.035934	0.961177	9
406918.498993	38.191830	0.035939	1.062677	10
406919.508960	59.151619	0.035940	1.645847	11
406920.596197	32.342701	0.035941	0.899884	12
406921.651510	32.324276	0.035940	0.899403	13
406922.697791	26.938080	0.035936	0.749613	14
406923.742338	30.773338	0.035937	0.856314	15
406924.831421	13.452179	0.035935	0.374344	16
406925.807203	32.970921	0.035936	0.917485	17
406926.859418	32.798725	0.035936	0.912694	18
406927.903115	32.367561	0.035939	0.900624	19
406928.946785	28.273043	0.035940	0.786665	20
406929.967666	36.898907	0.035939	1.026698	21
406931.016349	38.077019	0.035938	1.059511	22
406932.063433	32.786320	0.035938	0.912295	23
406933.095328	39.525036	0.035937	1.099856	24
406934.166449	29.656031	0.035936	0.825252	25
406935.139992	59.518467	0.035935	1.656287	26
406936.232670	35.393826	0.035937	0.984883	27
406937.279949	34.893776	0.035937	0.970960	28
406938.323485	31.032024	0.035940	0.863444	29
406939.371286	31.737772	0.035936	0.883184	30
406940.424688	27.949846	0.035938	0.777733	31
406941.443012	34.989693	0.035935	0.973688	32
406942.489193	35.384472	0.035941	0.984528	33
406943.532163	33.173275	0.035940	0.923010	34
406944.586148	32.329830	0.035936	0.899651	35
406945.597885	39.516018	0.035935	1.099646	36
406946.677663	30.259878	0.035935	0.842084	37
406947.695868	33.935730	0.035941	0.944198	38
406948.743581	37.273418	0.035940	1.037096	39
406949.792294	29.832912	0.035934	0.830206	40
406950.840959	32.849926	0.035935	0.914149	41
406951.856881	38.567406	0.035934	1.073283	42
406952.905259	39.649776	0.035933	1.103438	43
406953.954187	33.100597	0.035940	0.921002	44
406955.015981	29.499037	0.035936	0.820869	45
406956.049042	31.295694	0.035937	0.870856	46
406957.064912	37.597900	0.035937	1.046214	47
406958.148196	31.051794	0.035938	0.864042	48
406959.164110	31.974176	0.035934	0.889806	49
406960.243899	27.150665	0.035935	0.755543	50
406961.228327	38.795288	0.035934	1.079636	51
406962.308962	33.868542	0.035938	0.942423	52
406963.324998	33.782837	0.035933	0.940172	53
406964.413158	28.236940	0.035936	0.785760	54
406965.425808	29.849771	0.035940	0.830541	55
406966.475562	36.163239	0.035934	1.006380	56
406967.490933	37.245079	0.035935	1.036453	57
406968.567287	31.275274	0.035938	0.870248	58
406969.588130	32.815228	0.035936	0.913155	59
406970.665961	27.974880	0.035935	0.778487	60
406971.681150	30.056910	0.035935	0.836426	61
406972.730101	35.581287	0.035935	0.990165	62
406973.751326	33.949883	0.035934	0.944783	63
406974.828464	30.635666	0.035939	0.852432	64
406975.844219	30.151688	0.035935	0.839055	65
406976.924362	28.203478	0.035934	0.784865	66
406977.880418	49.066383	0.035934	1.365463	67
406978.988655	31.059649	0.035939	0.864236	68
406980.004213	33.681358	0.035937	0.937227	69
406981.084128	28.872717	0.035938	0.803400	70
406982.105505	29.971140	0.035940	0.833912	71
406983.153488	33.118614	0.035935	0.921627	72
406984.202671	28.117329	0.035934	0.782469	73
406985.251604	27.606142	0.035934	0.768245	74
406986.289533	29.965029	0.035936	0.833840	75
406987.310138	42.951580	0.035937	1.195207	76
406988.358415	34.906693	0.035934	0.971403	77
406989.409129	26.918823	0.035935	0.749108	78
406990.459966	32.104443	0.035936	0.893368	79
406991.473508	36.070625	0.035935	1.003783	80
406992.554161	26.479366	0.035935	0.736872	81
406993.579560	28.568192	0.035940	0.794896	82
406994.619112	33.665302	0.035934	0.936853	83
406995.693408	21.794701	0.035937	0.606472	84
406996.730943	27.039068	0.035935	0.752442	85
406997.738242	33.372475	0.035935	0.928683	86
406998.781976	35.042660	0.035937	0.975104	87
406999.819940	32.081844	0.035938	0.892696	88
407000.879317	31.822443	0.035938	0.885486	89
407001.893074	37.434956	0.035938	1.041654	90
407002.974693	28.475031	0.035940	0.792299	91
407003.975962	39.309383	0.035934	1.093926	92
407005.038846	33.948616	0.035937	0.944672	93
407006.087776	28.571135	0.035936	0.795051	94
407007.136235	32.937050	0.035935	0.916569	95
407008.157255	200.780502	0.035932	5.587726	96
407009.232558	27.081951	0.035939	0.753556	97
407010.247690	30.291601	0.035933	0.842991	98
407011.297082	34.918655	0.035934	0.971750	99
407012.346452	27.158062	0.035940	0.755654	100
407013.395082	26.967106	0.035937	0.750394	101
407014.415507	35.035164	0.035934	0.974982	102
407015.363319	76.238358	0.035934	2.121595	103
407016.507011	31.191347	0.035934	0.868021	104
407017.523713	37.912712	0.035934	1.055060	105
407018.603242	30.640932	0.035939	0.852575	106
407019.613117	33.708824	0.035935	0.938051	107
407020.702027	28.878685	0.035934	0.803662	108
407021.689079	38.216343	0.035936	1.063444	109
407022.766725	35.353043	0.035939	0.983705	110
407023.782821	35.058350	0.035935	0.975600	111
407024.863578	30.389156	0.035938	0.845590	112
407025.879683	30.949142	0.035937	0.861213	113
407026.961419	25.810575	0.035935	0.718257	114
407027.977125	27.435850	0.035934	0.763511	115
407029.025411	32.454556	0.035938	0.903072	116
407030.038490	35.400009	0.035936	0.985072	117
407031.122239	28.315430	0.035936	0.787938	118
407032.138398	29.769236	0.035936	0.828407	119
407033.216721	29.681402	0.035935	0.825970	120
407034.201646	37.159943	0.035936	1.034060	121
407035.219529	63.199368	0.035933	1.758811	122
407036.307050	28.083696	0.035937	0.781472	123
407037.381466	29.122183	0.035938	0.810353	124
407038.368895	36.833229	0.035937	1.024931	125
407039.451224	34.227562	0.035935	0.952479	126
407040.466657	33.809608	0.035934	0.940885	127
407041.545570	27.648834	0.035939	0.769324	128
407042.557339	33.310337	0.035935	0.926953	129
407043.612171	32.285561	0.035937	0.898396	130
