time (s)	energy (uJ)	charge (mC)	voltage (mV)	crossing#mod 255
406288.762178	32.531090	0.035937	0.905232	175
406289.779135	38.204048	0.035934	1.063165	176
406290.859710	24.864674	0.035938	0.691878	177
406291.875723	32.239807	0.035934	0.897185	178
406292.925034	33.110287	0.035937	0.921346	179
406293.940847	41.076736	0.035935	1.143074	180
406295.040077	24.410906	0.035937	0.679261	181
406296.042627	37.599380	0.035940	1.046168	182
406297.086336	36.198914	0.035937	1.007292	183
406298.134823	34.608620	0.035934	0.963110	184
406299.188613	28.737860	0.035937	0.799675	185
406300.240539	31.748116	0.035937	0.883449	186
406301.250765	34.807060	0.035939	0.968510	187
406302.296524	39.966969	0.035934	1.112229	188
406303.287376	46.556545	0.035937	1.295505	189
406304.392200	39.606804	0.035935	1.102181	190
406305.409431	36.731602	0.035936	1.022134	191
406306.489113	35.711151	0.035937	0.993702	192
406307.506657	33.082134	0.035932	0.920679	193
406308.588618	31.983866	0.035935	0.890044	194
406309.574343	39.496632	0.035937	1.099038	195
406310.660922	35.827339	0.035935	0.996994	196
406311.668493	37.849606	0.035937	1.053227	197
406312.749804	33.142929	0.035934	0.922332	198
406313.769480	168.847183	0.035939	4.698163	199
406314.846525	30.796703	0.035937	0.856964	200
406315.830021	40.534245	0.035937	1.127917	201
406316.910767	36.433632	0.035935	1.013866	202
406317.930733	33.649715	0.035936	0.936379	203
406319.008291	36.046009	0.035936	1.003067	204
406320.024360	32.396603	0.035939	0.901424	205
406321.109605	30.698610	0.035936	0.854253	206
406322.089084	38.043362	0.035935	1.058683	207
406323.164880	40.054981	0.035938	1.114545	208
406324.389250	-26.854012	0.035932	-0.747346	209
406325.271801	32.372944	0.035936	0.900841	210
406326.282516	35.957676	0.035936	1.000598	211
406327.331398	37.218655	0.035940	1.035589	212
406328.384911	33.407299	0.035937	0.929601	213
406329.399754	44.439426	0.035937	1.236581	214
406330.477055	28.685698	0.035933	0.798300	215
406331.492739	36.192734	0.035937	1.007118	216
406332.578078	30.362726	0.035938	0.844860	217
406333.590235	37.615883	0.035938	1.046683	218
406334.642804	34.899113	0.035938	0.971079	219
406335.654472	40.644615	0.035935	1.131065	220
406336.736229	31.026976	0.035933	0.863456	221
406337.751502	35.050503	0.035934	0.975401	222
406338.811820	35.899467	0.035935	0.999015	223
406339.853010	33.648632	0.035937	0.936327	224
406340.897237	35.222569	0.035934	0.980191	225
406341.918258	36.554379	0.035935	1.017235	226
406342.994717	31.398449	0.035934	0.873790	227
406344.014345	35.596874	0.035937	0.990525	228
406345.091624	28.051853	0.035939	0.780534	229
406346.107485	33.768990	0.035934	0.939756	230
406347.160041	31.709990	0.035935	0.882415	231
406348.171623	40.530571	0.035937	1.127821	232
406349.253225	28.163073	0.035939	0.783627	233
406350.269074	37.403706	0.035936	1.040853	234
406351.301856	42.696098	0.035935	1.188164	235
406352.366162	34.035381	0.035938	0.947063	236
406353.418964	28.754747	0.035936	0.800167	237
406354.463530	34.082291	0.035934	0.948464	238
406355.479456	34.937759	0.035938	0.972178	239
406356.532281	39.652924	0.035934	1.103503	240
406357.581859	29.522442	0.035940	0.821431	241
406358.629669	226.103882	0.035939	6.291266	242
406359.640943	36.928703	0.035938	1.027565	243
406360.726329	32.668262	0.035939	0.908988	244
406361.738027	31.689236	0.035934	0.881866	245
406362.819132	31.640436	0.035936	0.880462	246
406363.802215	38.244453	0.035934	1.064287	247
406364.883056	37.921227	0.035938	1.055188	248
406365.897463	37.861439	0.035937	1.053548	249
406366.984335	31.462778	0.035935	0.875555	250
406367.990092	32.244114	0.035933	0.897336	251
406369.078222	30.782995	0.035936	0.856595	252
406370.060995	39.123268	0.035935	1.088727	253
406371.146075	35.470116	0.035936	0.987034	254
406372.153653	35.304832	0.035939	0.982362	255
406373.243624	33.315701	0.035935	0.927115	0
406374.258065	32.826820	0.035936	0.913491	1
406375.307952	36.333492	0.035940	1.010942	2
406376.368070	27.090137	0.035934	0.753879	3
406377.400193	34.261482	0.035935	0.953429	4
406378.448453	26.674137	0.035934	0.742319	5
406379.469300	39.592793	0.035936	1.101771	6
406380.513848	34.151085	0.035939	0.950243	7
406381.562535	32.173450	0.035934	0.895360	8
406382.610899	33.598511	0.035936	0.934962	9
406383.626691	42.053333	0.035937	1.170192	10
406384.708018	27.970001	0.035935	0.778358	11
406385.727734	32.833389	0.035937	0.913626	12
406386.772653	35.461117	0.035936	0.986781	13
406387.821248	30.669540	0.035937	0.853435	14
406388.874516	32.701206	0.035934	0.910041	15
406389.889277	39.822430	0.035937	1.108119	16
406390.966728	28.389517	0.035933	0.790066	17
406391.982837	32.571255	0.035940	0.906265	18
406393.031249	37.758350	0.035939	1.050620	19
406394.046942	41.603054	0.035934	1.157776	20
406395.132402	27.563168	0.035935	0.767032	21
406396.147917	35.111340	0.035937	0.977030	22
406397.225582	29.011555	0.035934	0.807367	23
406398.242406	33.162426	0.035937	0.922788	24
406399.294228	35.167938	0.035934	0.978688	25
406400.307392	43.678688	0.035940	1.215327	26
406401.386941	27.611927	0.035934	0.768403	27
406402.403693	37.983761	0.035940	1.056865	28
406403.455417	35.681412	0.035934	0.992983	29
406404.500325	37.488781	0.035935	1.043248	30
406405.548724	30.722412	0.035935	0.854944	31
406406.597234	33.887222	0.035937	0.942965	32
406407.619765	34.205376	0.035933	0.951909	33
406408.694417	32.612736	0.035941	0.907401	34
406409.709957	32.078995	0.035934	0.892711	35
406410.757234	38.747040	0.035939	1.078118	36
406411.775523	36.529953	0.035934	1.016571	37
406412.855922	36.793301	0.035934	1.023911	38
406413.871790	34.150833	0.035938	0.950266	39
406414.954467	31.066549	0.035937	0.864479	40
406415.935936	39.714462	0.035939	1.105056	41
406417.017261	39.103405	0.035940	1.088014	42
406418.037227	36.017227	0.035937	1.002243	43
406419.122079	32.610538	0.035936	0.907468	44
406420.130442	32.099514	0.035934	0.893287	45
406421.210853	31.382797	0.035939	0.873234	46
406422.221398	31.818310	0.035937	0.885393	47
406423.275414	38.479832	0.035933	1.070875	48
406424.291575	35.903645	0.035940	0.998980	49
406425.373171	35.019852	0.035937	0.974492	50
406426.389208	35.297230	0.035938	0.982165	51
406427.437569	37.475315	0.035937	1.042806	52
406428.492827	29.442629	0.035934	0.819350	53
406429.525928	36.895927	0.035934	1.026772	54
406430.573286	30.254726	0.035938	0.841865	55
406431.607884	38.381775	0.035936	1.068048	56
406432.680509	24.342293	0.035938	0.677341	57
406433.689969	33.128334	0.035933	0.921947	58
406434.744331	34.231087	0.035936	0.952563	59
406435.764462	39.754871	0.035934	1.106344	60
406436.841927	30.259077	0.035935	0.842046	61
406437.862752	33.475014	0.035936	0.931516	62
406438.943303	26.697660	0.035934	0.742972	63
406439.930416	38.517059	0.035937	1.071806	64
406441.008178	34.251366	0.035934	0.953167	65
406442.019745	39.035843	0.035938	1.086200	66
406443.100460	28.411564	0.035936	0.790621	67
406444.112393	33.603897	0.035933	0.935179	68
406445.164762	37.498230	0.035935	1.043508	69
406446.213788	31.092136	0.035939	0.865138	70
406447.266743	31.113131	0.035939	0.865722	71
406448.277960	38.126366	0.035934	1.061009	72
406449.355405	28.160580	0.035935	0.783656	73
406450.371082	34.283218	0.035935	0.954042	74
406451.424628	35.759697	0.035935	0.995126	75
406452.471975	31.060337	0.035938	0.864279	76
406453.524968	26.762386	0.035936	0.744724	77
406454.535860	41.014679	0.035934	1.141395	78
406455.589061	32.663795	0.035935	0.908965	79
406456.634008	37.182037	0.035940	1.034565	80
406457.693767	27.051277	0.035935	0.752777	81
406458.735095	32.058369	0.035941	0.891982	82
406459.751255	33.315067	0.035939	0.926999	83
406460.828528	31.860704	0.035936	0.886587	84
406461.844322	30.877491	0.035937	0.859215	85
406462.892303	38.371075	0.035936	1.067773	86
406463.910014	36.086437	0.035934	1.004251	87
406464.997448	28.897242	0.035936	0.804134	88
406466.005689	33.388630	0.035935	0.929148	89
406467.087063	29.143604	0.035935	0.811001	90
406468.102713	30.124268	0.035935	0.838310	91
406469.154704	36.023239	0.035935	1.002444	92
406470.171141	32.938572	0.035937	0.916552	93
406471.246574	35.092400	0.035938	0.976478	94
406472.264162	33.253147	0.035935	0.925363	95
406473.345750	29.204674	0.035934	0.812728	96
406474.365400	28.937040	0.035938	0.805204	97
406475.410093	35.645660	0.035936	0.991922	98
406476.425461	34.993450	0.035933	0.973841	99
406477.496633	34.559464	0.035939	0.961609	100
406478.527028	34.929317	0.035939	0.971902	101
406479.571605	33.954620	0.035937	0.944828	102
406480.620550	32.163319	0.035939	0.894948	103
406481.668601	30.626272	0.035935	0.852279	104
406482.719405	27.545811	0.035936	0.766525	105
406483.733034	36.924759	0.035939	1.027417	106
406484.813962	24.695946	0.035933	0.687273	107
406485.829052	30.258083	0.035935	0.842030	108
406486.879532	33.329697	0.035937	0.927444	109
406487.896096	37.730980	0.035935	1.049965	110
406488.986383	26.553368	0.035936	0.738905	111
406489.991541	32.747009	0.035937	0.911223	112
406491.070140	27.665224	0.035935	0.769861	113
406492.074745	33.397625	0.035940	0.929260	114
406493.137558	34.785141	0.035940	0.967867	115
406494.153361	37.287636	0.035937	1.037579	116
406495.234697	27.013762	0.035935	0.751741	117
406496.250611	30.968943	0.035935	0.861806	118
406497.299051	36.444660	0.035936	1.014156	119
406498.314677	42.320244	0.035936	1.177665	120
406499.390412	30.966339	0.035934	0.861759	121
406500.412510	34.941154	0.035940	0.972221	122
406501.493213	26.139017	0.035938	0.727339	123
406502.512872	33.150368	0.035940	0.922380	124
406503.557613	33.306973	0.035935	0.926878	125
406504.606158	28.194012	0.035939	0.784494	126
406505.657276	25.992357	0.035937	0.723283	127
406506.670916	39.107067	0.035938	1.088181	128
406507.719046	30.627447	0.035935	0.852297	129
406508.767836	35.605434	0.035940	0.990701	130
406509.786569	37.797695	0.035940	1.051703	131
406510.894181	29.396118	0.035935	0.818043	132
406511.880745	32.278530	0.035937	0.898188	133
406512.962536	27.667583	0.035933	0.769980	134
406513.981951	25.921694	0.035934	0.721379	135
406515.029731	35.390190	0.035933	0.984887	136
406516.046353	33.973640	0.035937	0.945372	137
406517.159141	23.693203	0.035937	0.659293	138
406518.139719	30.601912	0.035935	0.851597	139
406519.226519	25.406403	0.035936	0.706986	140
406520.236342	27.357666	0.035939	0.761218	141
406521.284903	36.510048	0.035935	1.015992	142
406522.296339	35.881832	0.035934	0.998557	143
406523.382183	30.794785	0.035940	0.856848	144
406524.398157	31.887737	0.035940	0.887250	145
406525.452920	33.813850	0.035934	0.940986	146
406526.495608	26.947411	0.035941	0.749772	147
406527.547688	31.452278	0.035937	0.875211	148
406528.596132	23.326536	0.035937	0.649098	149
406529.595979	40.678631	0.035934	1.132025	150
406530.668842	30.033253	0.035934	0.835783	151
406531.709527	28.805384	0.035937	0.801556	152
406532.753945	28.993906	0.035933	0.806878	153
406533.768952	37.642994	0.035937	1.047481	154
406534.914499	16.408314	0.035934	0.456618	155
406535.866986	33.212921	0.035939	0.924142	156
406536.915049	34.599178	0.035937	0.962771	157
406537.923853	42.302708	0.035941	1.177019	158
406539.012901	30.571934	0.035939	0.850666	159
406540.032731	32.704746	0.035934	0.910125	160
406541.114382	26.159958	0.035937	0.727931	161
406542.131270	29.139238	0.035936	0.810859	162
406543.173704	31.402962	0.035932	0.873955	163
406544.195089	35.977421	0.035939	1.001062	164
406545.275543	62.244175	0.035935	1.732145	165
406546.287281	33.148159	0.035937	0.922400	166
406547.335672	37.674068	0.035937	1.048344	167
406548.372301	33.949833	0.035936	0.944735	168
406549.437013	29.494701	0.035938	0.820708	169
406550.456697	34.534973	0.035937	0.960996	170
406551.530469	26.444193	0.035940	0.735788	171
406552.545803	35.318924	0.035935	0.982861	172
406553.594574	32.461082	0.035935	0.903332	173
406554.643061	30.452591	0.035935	0.847433	174
406555.691002	26.906416	0.035936	0.748731	175
406556.745564	26.859758	0.035934	0.747471	176
406557.766760	28.938620	0.035933	0.805348	177
406558.798748	38.715324	0.035934	1.077402	178
406559.861474	25.211395	0.035932	0.701635	179
406560.900468	33.745354	0.035934	0.939098	180
406561.915964	34.205021	0.035936	0.951822	181
406562.998709	28.718863	0.035934	0.799220	182
406564.018874	27.118767	0.035934	0.754685	183
406565.063240	37.404072	0.035939	1.040763	184
406566.083515	33.648537	0.035936	0.936353	185
406567.156402	34.625290	0.035935	0.963544	186
406568.225149	16.501928	0.035934	0.459226	187
406569.262073	27.517723	0.035937	0.765714	188
406570.274325	27.643639	0.035935	0.769265	189
406571.321941	36.458504	0.035939	1.014446	190
406572.336923	34.242252	0.035934	0.952918	191
406573.423447	30.947313	0.035938	0.861128	192
406574.434881	32.608440	0.035933	0.907486	193
406576.530176	28.384968	0.035939	0.789817	195
406577.580887	31.702658	0.035936	0.882200	196
406578.629371	24.593266	0.035937	0.684349	197
406579.645264	37.204517	0.035937	1.035258	198
406580.700515	33.343555	0.035937	0.927837	199
406581.745773	28.770027	0.035935	0.800603	200
406582.790553	29.786280	0.035936	0.828867	201
406583.805230	37.853966	0.035935	1.053410	202
406584.887832	27.371834	0.035935	0.761703	203
406585.903839	32.900597	0.035935	0.915547	204
406586.956375	34.186886	0.035934	0.951391	205
406587.997833	27.940641	0.035940	0.777416	206
406589.053558	30.093338	0.035936	0.837412	207
406590.064971	34.777393	0.035935	0.967786	208
406591.146802	27.671284	0.035936	0.770012	209
406592.154933	32.677349	0.035937	0.909308	210
406593.215143	32.186646	0.035938	0.895612	211
406594.226678	38.441601	0.035935	1.069754	212
406595.305808	29.118990	0.035935	0.810320	213
406596.319096	35.786690	0.035935	0.995869	214
406597.408649	24.198225	0.035935	0.673388	215
406598.421175	30.192492	0.035936	0.840180	216
406599.438012	43.975807	0.035938	1.223661	217
406600.485339	38.880993	0.035938	1.081901	218
