time (s)	coil I (A)	last det (V)	int current (uC)
406288.765157	3.266716	204.199219	-10.644531
406288.767159	3.267350	204.199219	-10.644531
406288.769157	3.266989	204.199219	-10.644531
406288.771157	3.266976	35.936733	0.211614
406289.780152	3.265293	38.769531	-379.785156
406289.782153	3.267192	38.769531	-379.785156
406289.784153	3.267051	38.769531	-379.785156
406289.786156	3.266751	35.934261	0.257648
406290.862269	3.266645	203.125000	-10.937500
406290.864270	3.267558	203.125000	-10.937500
406290.866270	3.267178	203.125000	-10.937500
406290.868271	3.267086	35.937950	0.170968
406291.878373	3.266488	36.328125	-379.394531
406291.880375	3.267094	36.328125	-379.394531
406291.882377	3.266797	36.328125	-379.394531
406291.884375	3.266763	35.934395	0.216642
406292.926461	3.266438	201.269531	-6.250000
406292.928461	3.267321	201.269531	-6.250000
406292.930461	3.267051	201.269531	-6.250000
406292.932459	3.266989	35.936886	0.214951
406293.941411	3.264826	44.531250	-359.472656
406293.943412	3.267116	44.531250	-359.472656
406293.945413	3.267153	44.531250	-359.472656
406293.947410	3.266849	35.935341	0.275493
406295.024381	3.267093	198.242187	-6.152344
406295.026381	3.267442	198.242187	-6.152344
406295.028383	3.267055	198.242187	-6.152344
406295.030382	3.267040	35.937435	0.404646
406296.040426	3.267567	44.238281	-352.441406
406296.042429	3.267595	44.238281	-352.441406
406296.044428	3.267282	35.940102	0.257493
406297.087380	3.265536	194.921875	-2.636719
406297.089381	3.267473	194.921875	-2.636719
406297.091380	3.267257	194.921875	-2.636719
406297.093380	3.266986	35.936852	0.243804
406298.135430	3.264249	45.019531	-342.773437
406298.137433	3.266875	45.019531	-342.773437
406298.139432	3.267306	45.019531	-342.773437
406298.141432	3.266820	45.019531	-342.773437
406298.143434	3.266748	35.934223	0.233684
406299.185991	3.267211	191.015625	-0.683594
406299.187992	3.267269	191.015625	-0.683594
406299.189993	3.267002	191.015625	-0.683594
406299.191993	3.266993	35.936920	0.189419
406300.234528	3.267118	48.925781	-332.421875
406300.236531	3.267334	48.925781	-332.421875
406300.238537	3.267063	48.925781	-332.421875
406300.240532	3.266959	35.936550	0.232620
406301.249080	3.265880	189.062500	0.976562
406301.251081	3.265965	189.062500	0.976562
406301.253082	3.267277	189.062500	0.976562
406301.257079	3.267160	35.938766	0.245364
406302.297091	3.264390	61.132812	-317.187500
406302.299096	3.266972	61.132812	-317.187500
406302.301102	3.267171	61.132812	-317.187500
406302.303100	3.266739	35.934128	0.268443
406303.347144	3.266980	188.867187	-0.195312
406303.349147	3.267459	188.867187	-0.195312
406303.351148	3.267085	188.867187	-0.195312
406303.353148	3.266998	35.936981	0.205177
406304.395658	3.266628	64.843750	-314.160156
406304.397661	3.267154	64.843750	-314.160156
406304.399660	3.266786	64.843750	-314.160156
406304.401660	3.266811	35.934925	0.265628
406305.410594	3.265837	191.699219	-0.292969
406305.412595	3.267306	191.699219	-0.292969
406305.414595	3.267179	191.699219	-0.292969
406305.416596	3.266926	35.936184	0.247855
406306.492627	3.266712	63.183594	-320.703125
406306.494628	3.267529	63.183594	-320.703125
406306.496630	3.267140	63.183594	-320.703125
406306.500627	3.267044	35.937481	0.235744
406307.507591	3.264994	192.578125	-3.125000
406307.509592	3.266981	192.578125	-3.125000
406307.511592	3.266902	192.578125	-3.125000
406307.513591	3.266573	35.932304	0.221182
406308.589664	3.266186	57.226562	-328.125000
406308.591667	3.267146	57.226562	-328.125000
406308.593667	3.266859	57.226562	-328.125000
406308.595667	3.266833	35.935165	0.213827
406309.573708	3.267347	197.070312	-0.878906
406309.577707	3.267091	197.070312	-0.878906
406309.579709	3.267043	35.937469	0.264650
406310.654685	3.267044	62.890625	-323.242187
406310.656687	3.267324	62.890625	-323.242187
406310.660685	3.266915	62.890625	-323.242187
406310.662689	3.266851	35.935360	0.422682
406311.669634	3.266260	197.949219	-3.417969
406311.671638	3.267306	197.949219	-3.417969
406311.673636	3.267066	197.949219	-3.417969
406311.675636	3.266981	35.936787	0.259824
406312.750184	3.264343	58.496094	-328.417969
406312.752185	3.266913	58.496094	-328.417969
406312.754186	3.266964	58.496094	-328.417969
406312.756192	3.266713	35.933846	0.222159
406313.768255	3.267530	196.093750	-5.761719
406313.770260	3.267394	196.093750	-5.761719
406313.772260	3.267180	35.938984	0.809009
406314.848288	3.266351	55.859375	-328.613281
406314.850290	3.267476	55.859375	-328.613281
406314.852288	3.267095	55.859375	-328.613281
406314.854290	3.267000	35.937000	0.207032
406315.830359	3.264570	197.753906	-2.539062
406315.832362	3.267198	197.753906	-2.539062
406315.834361	3.267265	197.753906	-2.539062
406315.836362	3.267024	35.937263	0.274328
406316.912413	3.266070	59.179687	-321.777344
406316.914414	3.267276	59.179687	-321.777344
406316.916413	3.267067	59.179687	-321.777344
406316.920412	3.266850	35.935352	0.243995
406317.930436	3.267387	194.726562	-2.441406
406317.932439	3.266980	194.726562	-2.441406
406317.934438	3.266909	35.935997	0.231927
406319.009019	3.264963	58.007812	-317.187500
406319.011022	3.267287	58.007812	-317.187500
406319.013026	3.267197	58.007812	-317.187500
406319.015025	3.266892	35.935810	0.240650
406320.025099	3.265759	193.359375	-3.125000
406320.027100	3.267598	193.359375	-3.125000
406320.029099	3.267369	193.359375	-3.125000
406320.031100	3.267214	35.939358	0.225416
406321.109100	3.267444	54.199219	-319.238281
406321.111102	3.267056	54.199219	-319.238281
406321.115102	3.266926	35.936184	0.205058
406322.089632	3.265786	194.921875	-0.781250
406322.093632	3.266895	194.921875	-0.781250
406322.095633	3.266827	194.921875	-0.781250
406322.097633	3.266782	35.934597	0.255618
406323.171673	3.266995	53.320312	-318.750000
406323.173677	3.267541	53.320312	-318.750000
406323.175676	3.267171	53.320312	-318.750000
406323.177677	3.267129	35.938419	0.257962
406324.187765	3.266594	195.605469	-0.488281
406324.189766	3.266997	195.605469	-0.488281
406324.191766	3.266662	195.605469	-0.488281
406324.193766	3.266589	35.932480	0.348711
406325.271801	3.267107	44.726562	-326.953125
406325.273805	3.266943	35.936371	0.219926
406326.283854	3.265697	198.730469	-3.808594
406326.285856	3.267338	198.730469	-3.808594
406326.287856	3.267334	198.730469	-3.808594
406326.289855	3.266925	35.936176	0.243827
406327.331925	3.265113	42.187500	-336.718750
406327.333927	3.267507	42.187500	-336.718750
406327.335925	3.267524	42.187500	-336.718750
406327.337926	3.267236	35.939594	0.248372
406328.384911	3.267242	202.734375	-5.761719
406328.386914	3.267021	35.937229	0.228648
406329.398972	3.267436	42.968750	-341.796875
406329.400976	3.267189	42.968750	-341.796875
406329.402976	3.267031	35.937347	0.309727
406330.477532	3.263955	206.542969	-9.960937
406330.479562	3.266966	206.542969	-9.960937
406330.481567	3.267023	206.542969	-9.960937
406330.483567	3.266698	206.542969	-9.960937
406330.485571	3.266681	35.933491	0.191786
406331.493645	3.265307	34.863281	-361.132812
406331.495647	3.267371	34.863281	-361.132812
406331.497650	3.267378	34.863281	-361.132812
406331.499649	3.266993	35.936920	0.246825
406332.577754	3.267495	210.546875	-12.597656
406332.579756	3.267170	210.546875	-12.597656
406332.581756	3.267107	35.938179	0.207304
406333.590737	3.264969	32.128906	-369.628906
406333.592738	3.267412	32.128906	-369.628906
406333.594738	3.267337	32.128906	-369.628906
406333.596739	3.267106	35.938168	0.255317
406334.642800	3.267501	212.890625	-14.257812
406334.644801	3.267136	212.890625	-14.257812
406334.646800	3.267135	35.938488	0.245362
406335.654836	3.263942	37.207031	-366.992187
406335.656839	3.266924	37.207031	-366.992187
406335.658838	3.267145	37.207031	-366.992187
406335.660839	3.266857	37.207031	-366.992187
406335.662839	3.266802	35.934822	0.277829
406336.736892	3.265571	213.769531	-15.234375
406336.740891	3.266829	213.769531	-15.234375
406336.742893	3.266745	213.769531	-15.234375
406336.744892	3.266679	35.933464	0.204105
406337.752962	3.266020	33.886719	-373.828125
406337.756964	3.266940	33.886719	-373.828125
406337.758964	3.266973	33.886719	-373.828125
406337.760966	3.266769	35.934456	0.232640
406338.835004	3.266778	215.039062	-16.894531
406338.837008	3.267119	215.039062	-16.894531
406338.839008	3.266829	215.039062	-16.894531
406338.841014	3.266807	35.934879	0.267277
406339.851565	3.267379	30.175781	-377.246094
406339.853565	3.267270	30.175781	-377.246094
406339.855567	3.266987	35.936859	0.799391
406340.897567	3.263617	215.527344	-15.625000
406340.899571	3.266844	215.527344	-15.625000
406340.901571	3.267064	215.527344	-15.625000
406340.903570	3.266898	215.527344	-15.625000
406340.905571	3.266762	35.934383	0.241384
406341.915616	3.266960	35.546875	-368.457031
406341.917617	3.267004	35.546875	-368.457031
406341.919616	3.266821	35.935032	0.267135
406342.995666	3.265664	214.550781	-15.820312
406342.997668	3.267027	214.550781	-15.820312
406343.001667	3.266774	214.550781	-15.820312
406343.003669	3.266695	35.933651	0.209265
406344.013751	3.267500	35.449219	-363.671875
406344.015755	3.267173	35.449219	-363.671875
406344.017752	3.267035	35.937389	0.237227
406345.092337	3.265328	213.085937	-14.843750
406345.094339	3.267575	213.085937	-14.843750
406345.096339	3.267512	213.085937	-14.843750
406345.098340	3.267209	35.939293	0.193934
406346.108385	3.265402	32.812500	-359.863281
406346.110385	3.267085	32.812500	-359.863281
406346.112387	3.266919	32.812500	-359.863281
406346.114386	3.266708	35.933792	0.226012
406347.159344	3.267270	211.230469	-11.230469
406347.161346	3.267004	211.230469	-11.230469
406347.163347	3.266862	35.935482	0.219076
406348.173377	3.266432	36.523437	-343.066406
406348.175378	3.267435	36.523437	-343.066406
406348.177380	3.267081	36.523437	-343.066406
406348.179378	3.267006	35.937069	0.275721
406349.253454	3.263988	207.226562	-11.132812
406349.255456	3.267243	207.226562	-11.132812
406349.257456	3.267606	207.226562	-11.132812
406349.259456	3.267171	207.226562	-11.132812
406349.261463	3.267217	35.939384	0.186747
406350.269510	3.264597	37.402344	-331.542969
406350.271512	3.267067	37.402344	-331.542969
406350.273510	3.267182	37.402344	-331.542969
406350.275512	3.266876	35.935635	0.254761
406351.319551	3.266706	205.566406	-6.640625
406351.321554	3.267292	205.566406	-6.640625
406351.323554	3.266844	205.566406	-6.640625
406351.325555	3.266773	35.934502	0.252322
406352.366500	3.264621	43.261719	-317.675781
406352.368504	3.267220	43.261719	-317.675781
406352.370501	3.267350	43.261719	-317.675781
406352.372501	3.267064	43.261719	-317.675781
406352.374502	3.267073	35.937809	0.230513
406353.417466	3.267250	201.953125	-7.714844
406353.419470	3.267163	201.953125	-7.714844
406353.421467	3.266905	35.935951	0.193568
406354.464040	3.265100	45.800781	-307.031250
406354.466041	3.267015	45.800781	-307.031250
406354.468043	3.266895	45.800781	-307.031250
406354.470043	3.266745	35.934200	0.231881
406355.480097	3.265684	200.390625	-6.835937
406355.482097	3.267367	200.390625	-6.835937
406355.484096	3.267187	200.390625	-6.835937
406355.490095	3.267057	35.937630	0.237483
406356.532145	3.267076	56.640625	-299.804687
406356.534147	3.266724	56.640625	-299.804687
406356.536146	3.266698	35.933678	0.570276
406357.578734	3.267484	201.464844	-7.031250
406357.580740	3.267590	201.464844	-7.031250
406357.582740	3.267295	35.940243	0.566326
406358.629669	3.267462	53.417969	-301.855469
406358.631671	3.267212	35.939331	0.855946
406359.641673	3.265779	203.515625	-7.910156
406359.643675	3.267528	203.515625	-7.910156
406359.645674	3.267147	203.515625	-7.910156
406359.647675	3.267097	35.938065	0.248340
406360.725743	3.267761	54.687500	-307.421875
406360.727747	3.267362	54.687500	-307.421875
406360.729746	3.267197	35.939163	0.224263
406361.738330	3.264495	204.296875	-8.984375
406361.740330	3.266873	204.296875	-8.984375
406361.742332	3.266977	204.296875	-8.984375
406361.744330	3.266753	35.934288	0.219167
406362.820363	3.265841	52.148437	-309.765625
406362.822366	3.267379	52.148437	-309.765625
406362.824366	3.267136	52.148437	-309.765625
406362.826365	3.266924	35.936165	0.212818
406363.802919	3.264955	208.300781	-7.519531
406363.804922	3.267086	208.300781	-7.519531
406363.806922	3.267067	208.300781	-7.519531
406363.808921	3.266759	35.934349	0.255364
406364.884946	3.266475	55.078125	-307.226562
406364.886947	3.267501	55.078125	-307.226562
406364.888949	3.267234	55.078125	-307.226562
406364.890950	3.267081	35.937893	0.256717
406365.901012	3.266707	208.007812	-8.789062
406365.903013	3.267370	208.007812	-8.789062
406365.905015	3.267178	208.007812	-8.789062
406365.907013	3.267007	35.937080	0.245956
406366.983992	3.267272	50.000000	-309.472656
406366.985995	3.266870	50.000000	-309.472656
406366.987993	3.266787	35.934662	0.211095
406367.998067	3.266452	206.347656	-9.082031
406368.000068	3.267251	206.347656	-9.082031
406368.002069	3.266845	206.347656	-9.082031
406368.004069	3.266651	35.933163	0.203716
406369.079070	3.265884	48.535156	-304.589844
406369.081072	3.267359	48.535156	-304.589844
406369.083073	3.266994	48.535156	-304.589844
406369.085073	3.266951	35.936459	0.206381
406370.061102	3.263785	208.007812	-7.324219
406370.063103	3.266911	208.007812	-7.324219
406370.065103	3.267092	208.007812	-7.324219
406370.069101	3.266695	208.007812	-7.324219
406370.071104	3.266807	35.934879	0.261638
406371.145693	3.267257	51.757812	-300.781250
406371.147695	3.266980	51.757812	-300.781250
406371.149695	3.266915	35.936062	0.248929
406372.159741	3.266968	204.492187	-8.398437
406372.161742	3.267675	204.492187	-8.398437
406372.163742	3.267215	204.492187	-8.398437
406372.165743	3.267157	35.938728	0.228425
406373.241846	3.267073	49.121094	-295.214844
406373.243849	3.267043	49.121094	-295.214844
406373.245848	3.266799	35.934795	0.230169
406374.256426	3.265912	204.296875	-8.691406
406374.258426	3.266002	204.296875	-8.691406
406374.260426	3.266954	204.296875	-8.691406
406374.262427	3.266870	35.935574	0.227003
406375.306477	3.267615	45.800781	-293.847656
406375.308475	3.267531	45.800781	-293.847656
406375.310477	3.267295	35.940243	0.779097
406376.354454	3.266832	204.785156	-9.863281
406376.356453	3.267181	204.785156	-9.863281
406376.358454	3.266850	204.785156	-9.863281
406376.360455	3.266755	35.934307	0.199098
406377.402503	3.266430	40.234375	-300.292969
406377.404504	3.267174	40.234375	-300.292969
406377.406502	3.266913	40.234375	-300.292969
406377.408503	3.266819	35.935005	0.229678
406378.451062	3.266248	206.347656	-11.425781
406378.453064	3.267106	206.347656	-11.425781
406378.455063	3.266829	206.347656	-11.425781
406378.457063	3.266683	35.933517	0.176839
406379.469131	3.267196	38.085937	-306.738281
406379.471132	3.266898	38.085937	-306.738281
406379.473134	3.266870	35.935574	0.272669
406380.515155	3.266433	210.644531	-12.500000
406380.517157	3.267657	210.644531	-12.500000
406380.519156	3.267272	210.644531	-12.500000
406380.521156	3.267210	35.939312	0.234054
406381.563182	3.264799	32.324219	-322.167969
406381.567181	3.266975	32.324219	-322.167969
406381.569182	3.266721	32.324219	-322.167969
406381.571184	3.266687	35.933552	0.215308
406382.611243	3.263358	215.527344	-15.136719
406382.613246	3.267015	215.527344	-15.136719
406382.615247	3.267256	215.527344	-15.136719
406382.617245	3.266984	215.527344	-15.136719
406382.619246	3.266883	35.935715	0.226994
406383.627256	3.264309	34.863281	-328.515625
406383.629279	3.267268	34.863281	-328.515625
406383.631284	3.267443	34.863281	-328.515625
406383.633288	3.267085	34.863281	-328.515625
406383.635294	3.267012	35.937134	0.284744
406384.709323	3.265821	216.796875	-17.871094
406384.711324	3.267249	216.796875	-17.871094
406384.713324	3.266944	216.796875	-17.871094
406384.715326	3.266783	35.934608	0.186200
406385.727366	3.267575	29.394531	-340.136719
406385.729369	3.267138	29.394531	-340.136719
406385.731368	3.267040	35.937443	0.230377
406386.773449	3.265531	220.605469	-17.871094
406386.775451	3.267288	220.605469	-17.871094
406386.777451	3.267112	220.605469	-17.871094
406386.779452	3.266923	35.936157	0.239203
406387.821492	3.264229	30.371094	-344.531250
406387.823492	3.267246	30.371094	-344.531250
406387.827491	3.266984	30.371094	-344.531250
406387.829492	3.266972	30.371094	-344.531250
406387.831492	3.266963	35.936592	0.215382
406388.874031	3.267197	221.777344	-20.214844
406388.878032	3.266765	221.777344	-20.214844
406388.880034	3.266705	35.933754	0.496259
406389.888609	3.267530	34.179687	-343.750000
406389.890613	3.267174	34.179687	-343.750000
406389.892612	3.266996	35.936954	0.276830
406390.967205	3.263843	221.093750	-20.800781
406390.969206	3.266827	221.093750	-20.800781
406390.971204	3.267086	221.093750	-20.800781
406390.973205	3.266690	221.093750	-20.800781
406390.975204	3.266645	35.933090	0.195022
406391.983248	3.265127	31.152344	-345.800781
406391.985250	3.267530	31.152344	-345.800781
406391.987249	3.267474	31.152344	-345.800781
406391.989250	3.267281	35.940090	0.222790
406393.032180	3.265979	223.632812	-19.531250
406393.034181	3.267599	223.632812	-19.531250
406393.036182	3.267352	223.632812	-19.531250
406393.038183	3.267193	35.939125	0.252386
406394.047153	3.262973	33.789062	-338.867187
406394.049156	3.266752	33.789062	-338.867187
406394.051154	3.267087	33.789062	-338.867187
406394.055153	3.266656	33.789062	-338.867187
406394.057155	3.266690	35.933586	0.284701
406395.131238	3.267128	220.214844	-19.726562
406395.133239	3.266992	220.214844	-19.726562
406395.135239	3.266803	35.934830	0.210081
406396.147307	3.267457	31.835937	-334.472656
406396.149309	3.267128	31.835937	-334.472656
406396.151314	3.266984	35.936825	0.241507
406397.225826	3.263563	219.921875	-18.847656
406397.227829	3.266774	219.921875	-18.847656
406397.229828	3.267009	219.921875	-18.847656
406397.233827	3.266667	219.921875	-18.847656
406397.235829	3.266684	35.933525	0.194154
406398.242408	2.660584	29.003906	-326.171875
406398.244411	3.267496	29.003906	-326.171875
406398.246410	3.267199	29.003906	-326.171875
406398.248411	3.267019	35.937210	0.227757
406399.292457	3.267029	220.214844	-15.625000
406399.294458	3.266992	220.214844	-15.625000
406399.296458	3.266705	35.933754	0.619807
406400.307393	2.621775	38.476562	-310.742187
406400.309395	3.267646	38.476562	-310.742187
406400.311397	3.267336	38.476562	-310.742187
406400.313395	3.267259	35.939854	0.300716
406401.388395	3.265912	216.113281	-15.625000
406401.390395	3.267169	216.113281	-15.625000
406401.392397	3.266925	216.113281	-15.625000
406401.394396	3.266745	35.934189	0.182194
406402.404458	3.266802	36.816406	-303.417969
406402.408458	3.267407	36.816406	-303.417969
406402.410459	3.267200	36.816406	-303.417969
406402.412460	3.267277	35.940048	0.253643
406403.454523	3.267203	216.113281	-12.109375
406403.456524	3.266918	216.113281	-12.109375
406403.458522	3.266687	35.933563	0.245683
406404.501126	3.265725	42.675781	-290.625000
406404.503129	3.267116	42.675781	-290.625000
406404.505129	3.266889	42.675781	-290.625000
406404.507129	3.266790	35.934685	0.255433
406405.549176	3.264684	212.207031	-13.574219
406405.551179	3.267094	212.207031	-13.574219
406405.553177	3.267024	212.207031	-13.574219
406405.555180	3.266818	35.934998	0.207060
406406.597235	1.969588	44.824219	-279.687500
406406.599236	3.266887	44.824219	-279.687500
406406.601237	3.267375	44.824219	-279.687500
406406.603236	3.267033	44.824219	-279.687500
406406.605239	3.266989	35.936886	0.232920
406407.615269	3.266895	212.500000	-11.914062
406407.617273	3.267095	212.500000	-11.914062
406407.619273	3.266749	212.500000	-11.914062
406407.621270	3.266678	35.933453	0.243486
406408.695333	3.266160	45.605469	-278.906250
406408.697335	3.267721	45.605469	-278.906250
406408.699336	3.267513	45.605469	-278.906250
406408.701336	3.267346	35.940804	0.215813
406409.710281	3.263225	213.183594	-11.621094
406409.712280	3.266819	213.183594	-11.621094
406409.714281	3.267269	213.183594	-11.621094
406409.716281	3.266766	213.183594	-11.621094
406409.718281	3.266761	35.934368	0.217501
406410.760265	3.266832	55.175781	-276.074219
406410.762267	3.267699	55.175781	-276.074219
406410.764269	3.267353	55.175781	-276.074219
406410.768270	3.267227	35.939499	0.259618
406411.776296	3.266503	215.820312	-11.914062
406411.780299	3.266853	215.820312	-11.914062
406411.782298	3.266709	215.820312	-11.914062
406411.786299	3.266770	35.934475	0.249088
406412.856322	3.264164	51.074219	-282.324219
406412.858328	3.266941	51.074219	-282.324219
406412.860330	3.267044	51.074219	-282.324219
406412.862330	3.266736	35.934093	0.248518
406413.872373	3.264980	215.820312	-13.281250
406413.874375	3.267437	215.820312	-13.281250
406413.876376	3.267397	215.820312	-13.281250
406413.878374	3.267107	35.938179	0.233974
406414.954468	2.311463	47.949219	-284.863281
406414.956467	3.267480	47.949219	-284.863281
406414.958468	3.267147	47.949219	-284.863281
406414.962466	3.266976	35.936733	0.209868
406415.936476	3.264781	218.847656	-12.402344
406415.938484	3.267410	218.847656	-12.402344
406415.940482	3.267502	218.847656	-12.402344
406415.942482	3.267242	218.847656	-12.402344
406415.944481	3.267170	35.938869	0.269694
406417.018548	3.266297	51.855469	-282.910156
406417.020551	3.267699	51.855469	-282.910156
406417.022550	3.267513	51.855469	-282.910156
406417.024552	3.267287	35.940163	0.265142
406418.036634	3.267449	218.945312	-12.988281
406418.040634	3.267036	218.945312	-12.988281
406418.042635	3.266964	35.936607	0.246251
406419.117219	3.267220	47.656250	-283.300781
406419.121219	3.267292	47.656250	-283.300781
406419.123220	3.266887	35.935760	0.232574
406420.131262	3.265338	215.234375	-14.257812
406420.133265	3.267109	215.234375	-14.257812
406420.135265	3.266953	215.234375	-14.257812
406420.137264	3.266743	35.934174	0.222794
406421.213309	3.266618	45.996094	-276.660156
406421.215312	3.267671	45.996094	-276.660156
406421.217311	3.267260	45.996094	-276.660156
406421.219309	3.267143	35.938580	0.208394
406422.229348	3.266836	215.039062	-14.257812
406422.231349	3.267558	215.039062	-14.257812
406422.233350	3.267070	215.039062	-14.257812
406422.235352	3.266996	35.936954	0.205249
406423.277381	3.265924	48.144531	-271.289062
406423.279382	3.267156	48.144531	-271.289062
406423.281383	3.266837	48.144531	-271.289062
406423.283383	3.266643	35.933075	0.264350
406424.293464	3.266665	216.113281	-13.085937
406424.295466	3.267786	216.113281	-13.085937
406424.297465	3.267412	216.113281	-13.085937
406424.299466	3.267300	35.940296	0.244967
406425.373512	3.263704	44.824219	-268.457031
406425.375514	3.267032	44.824219	-268.457031
406425.377515	3.267387	44.824219	-268.457031
406425.379514	3.267002	44.824219	-268.457031
406425.381513	3.266956	35.936512	0.238551
406426.390083	3.265885	216.796875	-12.792969
406426.392084	3.267477	216.796875	-12.792969
406426.394083	3.267274	216.796875	-12.792969
406426.396084	3.267108	35.938187	0.239793
406427.438679	3.265833	41.308594	-268.847656
406427.440681	3.267455	41.308594	-268.847656
406427.442679	3.267194	41.308594	-268.847656
406427.444686	3.267001	35.937008	0.250779
406428.488750	3.266915	216.601562	-15.234375
406428.490752	3.267097	216.601562	-15.234375
406428.492753	3.266739	35.934128	0.203776
406429.536809	3.266635	36.816406	-275.488281
406429.538810	3.267159	36.816406	-275.488281
406429.540811	3.266723	36.816406	-275.488281
406429.542811	3.266717	35.933887	0.231620
406430.585337	3.267004	218.554687	-16.308594
406430.587338	3.267468	218.554687	-16.308594
406430.589338	3.267056	218.554687	-16.308594
406430.591339	3.267068	35.937752	0.211309
406431.601399	3.267127	37.890625	-285.156250
406431.603403	3.267404	37.890625	-285.156250
406431.605403	3.267076	37.890625	-285.156250
406431.607401	3.266944	35.936382	0.269881
406432.681965	3.266280	221.191406	-19.238281
406432.683966	3.267593	221.191406	-19.238281
406432.685965	3.267181	221.191406	-19.238281
406432.687965	3.267092	35.938011	0.161946
406433.698062	3.266447	27.050781	-300.000000
406433.700064	3.267241	27.050781	-300.000000
406433.702066	3.266805	27.050781	-300.000000
406433.704065	3.266637	35.933010	0.213363
406434.746114	3.266220	226.757812	-20.019531
406434.748118	3.267327	226.757812	-20.019531
406434.750117	3.267046	226.757812	-20.019531
406434.752117	3.266889	35.935776	0.229407
406435.764212	3.267126	31.542969	-307.617187
406435.766213	3.266742	31.542969	-307.617187
406435.768213	3.266687	35.933563	0.274562
406436.842268	3.263634	228.613281	-21.875000
406436.844267	3.266897	228.613281	-21.875000
406436.846268	3.267218	228.613281	-21.875000
406436.848267	3.266940	228.613281	-21.875000
406436.850269	3.266836	35.935200	0.205895
406437.860329	3.267088	29.687500	-317.187500
406437.862331	3.267124	29.687500	-317.187500
406437.864331	3.266915	35.936069	0.240853
406438.942914	3.267189	229.199219	-24.023437
406438.944915	3.266787	229.199219	-24.023437
406438.946914	3.266690	35.933594	0.182662
406439.957054	3.266927	26.953125	-322.558594
406439.959062	3.267329	26.953125	-322.558594
406439.961067	3.267063	26.953125	-322.558594
406439.963070	3.266962	35.936584	0.214508
406441.007668	3.267210	233.300781	-23.730469
406441.009670	3.266868	233.300781	-23.730469
406441.011672	3.266751	35.934261	0.307745
406442.020207	3.265580	29.980469	-317.675781
406442.024207	3.267246	29.980469	-317.675781
406442.026209	3.267126	29.980469	-317.675781
406442.028210	3.267089	35.937984	0.265944
406443.102222	3.266202	231.152344	-24.023437
406443.104226	3.267355	231.152344	-24.023437
406443.106226	3.267022	231.152344	-24.023437
406443.108224	3.266887	35.935760	0.188319
406444.118242	3.266430	26.367187	-317.968750
406444.120244	3.267136	26.367187	-317.968750
406444.122243	3.266783	26.367187	-317.968750
406444.124244	3.266645	35.933098	0.215742
406445.166286	3.265797	232.617187	-23.437500
406445.168289	3.267308	232.617187	-23.437500
406445.170289	3.267047	232.617187	-23.437500
406445.172288	3.266797	35.934769	0.251082
406446.214354	3.265275	26.074219	-312.792969
406446.216356	3.267492	26.074219	-312.792969
406446.218355	3.267395	26.074219	-312.792969
406446.220356	3.267175	35.938923	0.213126
406447.266451	3.267585	230.078125	-22.851562
406447.268452	3.267236	230.078125	-22.851562
406447.270452	3.267176	35.938942	0.376248
406448.278991	3.265256	28.613281	-301.269531
406448.280992	3.267177	28.613281	-301.269531
406448.282992	3.267048	28.613281	-301.269531
406448.284993	3.266732	35.934055	0.257133
406449.361026	3.266531	226.464844	-22.460937
406449.363027	3.267371	226.464844	-22.460937
406449.365027	3.267008	226.464844	-22.460937
406449.367028	3.266805	35.934853	0.184207
406450.377049	3.266624	27.148437	-289.257812
406450.379051	3.267168	27.148437	-289.257812
406450.381051	3.266916	27.148437	-289.257812
406450.383052	3.266792	35.934711	0.227147
406451.425107	3.265794	227.441406	-19.335937
406451.429108	3.266944	227.441406	-19.335937
406451.431110	3.266768	227.441406	-19.335937
406451.433109	3.266805	35.934853	0.239527
406452.474050	3.266583	29.394531	-274.707031
406452.476055	3.267505	29.394531	-274.707031
406452.478053	3.267164	29.394531	-274.707031
406452.480059	3.267078	35.937859	0.210564
406453.524140	3.267308	221.191406	-19.824219
406453.526143	3.267072	221.191406	-19.824219
406453.528142	3.266906	35.935970	0.182253
406454.538218	3.266075	37.792969	-256.152344
406454.540221	3.267296	37.792969	-256.152344
406454.542220	3.266877	37.792969	-256.152344
406454.544221	3.266711	35.933826	0.276634
406455.588276	3.267224	222.753906	-16.503906
406455.590278	3.266985	222.753906	-16.503906
406455.592279	3.266832	35.935146	0.222210
406456.634820	3.265978	42.285156	-246.972656
406456.636820	3.267705	42.285156	-246.972656
406456.640818	3.267284	42.285156	-246.972656
406456.642822	3.267252	35.939774	0.249024
406457.684841	3.266908	220.605469	-16.406250
406457.686842	3.267122	220.605469	-16.406250
406457.688842	3.266844	220.605469	-16.406250
406457.690843	3.266848	35.935326	0.203243
406458.734866	3.267720	40.332031	-244.824219
406458.738867	3.267351	40.332031	-244.824219
406458.740867	3.267329	35.940617	0.220854
406459.750878	3.267565	220.703125	-16.308594
406459.752880	3.267225	220.703125	-16.308594
406459.756878	3.267146	35.938606	0.232782
406460.828976	3.265440	41.699219	-242.480469
406460.830979	3.267103	41.699219	-242.480469
406460.832979	3.267112	41.699219	-242.480469
406460.834978	3.266940	35.936337	0.217875
406461.845019	3.265663	221.972656	-16.894531
406461.847018	3.267306	221.972656	-16.894531
406461.849019	3.267130	221.972656	-16.894531
406461.851019	3.266987	35.936859	0.212912
406462.893056	3.264461	50.097656	-248.242187
406462.897054	3.267282	50.097656	-248.242187
406462.899056	3.266962	50.097656	-248.242187
406462.901056	3.266873	35.935600	0.261917
406463.910016	2.403932	223.242187	-16.308594
406463.912018	3.267242	223.242187	-16.308594
406463.914017	3.266859	223.242187	-16.308594
406463.916018	3.266699	35.933685	0.245243
406464.992063	3.267076	46.777344	-244.921875
406464.994063	3.267272	46.777344	-244.921875
406464.996065	3.267003	46.777344	-244.921875
406464.998065	3.266898	35.935875	0.229460
406466.006093	3.264365	223.339844	-16.796875
406466.008095	3.266987	223.339844	-16.796875
406466.010097	3.267078	223.339844	-16.796875
406466.012096	3.266788	35.934669	0.224505
406467.088129	3.265672	43.359375	-244.824219
406467.090130	3.267346	43.359375	-244.824219
406467.092131	3.266979	43.359375	-244.824219
406467.094130	3.266849	35.935341	0.193461
406468.104152	3.266042	222.656250	-17.871094
406468.106154	3.267224	222.656250	-17.871094
406468.108153	3.266856	222.656250	-17.871094
406468.110153	3.266776	35.934536	0.200785
406469.154231	3.267145	47.265625	-246.386719
406469.156233	3.266923	47.265625	-246.386719
406469.158234	3.266855	35.935406	0.253264
406470.170316	3.267580	223.437500	-16.992187
406470.172318	3.267265	223.437500	-16.992187
406470.174318	3.267044	35.937489	0.235996
406471.250396	3.266821	44.140625	-241.406250
406471.252399	3.267485	44.140625	-241.406250
406471.254398	3.267114	44.140625	-241.406250
406471.256398	3.267066	35.937725	0.232818
406472.264406	3.263669	224.511719	-16.503906
406472.266408	3.266811	224.511719	-16.503906
406472.268410	3.267199	224.511719	-16.503906
406472.270409	3.266895	224.511719	-16.503906
406472.272409	3.266840	35.935238	0.228110
406473.346459	3.265179	40.136719	-233.691406
406473.348461	3.267115	40.136719	-233.691406
406473.350462	3.266915	40.136719	-233.691406
406473.352461	3.266739	35.934128	0.197725
406474.364556	3.267543	220.410156	-17.968750
406474.366557	3.267257	220.410156	-17.968750
406474.368558	3.267048	35.937531	0.198020
406475.410629	3.264809	44.140625	-233.886719
406475.412631	3.267257	44.140625	-233.886719
406475.414633	3.267110	44.140625	-233.886719
406475.416632	3.266903	35.935936	0.242771
406476.427178	3.265801	224.804687	-16.503906
406476.429181	3.267301	224.804687	-16.503906
406476.431181	3.266798	224.804687	-16.503906
406476.433180	3.266675	35.933426	0.237573
406477.509239	3.267151	33.984375	-228.808594
406477.511240	3.267503	33.984375	-228.808594
406477.513240	3.267195	33.984375	-228.808594
406477.515241	3.267199	35.939190	0.316997
406478.525285	3.267438	226.269531	-17.675781
406478.529286	3.267268	226.269531	-17.675781
406478.531288	3.267255	226.269531	-17.675781
406478.533287	3.267193	35.939117	0.505877
406479.572270	3.265196	37.402344	-237.011719
406479.574271	3.267411	37.402344	-237.011719
406479.576271	3.267260	37.402344	-237.011719
406479.578273	3.267031	35.937340	0.235267
406480.621258	3.266048	226.171875	-20.605469
406480.623259	3.267499	226.171875	-20.605469
406480.625259	3.267212	226.171875	-20.605469
406480.627262	3.267159	35.938747	0.217118
406481.669306	3.264851	27.343750	-246.875000
406481.671309	3.267099	27.343750	-246.875000
406481.673307	3.267141	27.343750	-246.875000
406481.675307	3.266780	35.934582	0.207752
406482.719406	2.541685	227.636719	-22.265625
406482.721409	3.267355	227.636719	-22.265625
406482.723408	3.266960	227.636719	-22.265625
406482.725408	3.266903	35.935936	0.317831
406483.733436	3.264582	27.832031	-258.105469
406483.735437	3.267491	27.832031	-258.105469
406483.737438	3.267467	27.832031	-258.105469
406483.739438	3.267227	27.832031	-258.105469
406483.741438	3.267218	35.939404	0.251109
406484.815465	3.265426	229.785156	-23.925781
406484.817466	3.267134	229.785156	-23.925781
406484.819467	3.267115	229.785156	-23.925781
406484.821469	3.266661	35.933266	0.166327
406485.831484	3.266067	27.441406	-269.628906
406485.833485	3.267367	27.441406	-269.628906
406485.835486	3.267091	27.441406	-269.628906
406485.837485	3.266790	35.934685	0.204965
406486.879533	2.435939	236.328125	-24.414062
406486.881537	3.267296	236.328125	-24.414062
406486.883542	3.267237	236.328125	-24.414062
406486.885546	3.267014	35.937153	0.223660
406487.896100	2.905113	28.320312	-276.464844
406487.898101	3.267389	28.320312	-276.464844
406487.900102	3.266987	28.320312	-276.464844
406487.902101	3.266861	35.935474	0.257815
406488.978138	3.267024	236.425781	-25.488281
406488.980140	3.267331	236.425781	-25.488281
406488.982140	3.266939	236.425781	-25.488281
406488.984140	3.266919	35.936111	0.190735
406489.992754	3.265958	23.925781	-283.398437
406489.994756	3.267416	23.925781	-283.398437
406489.996756	3.267314	23.925781	-283.398437
406489.998756	3.267038	35.937416	0.217466
406491.074830	3.266575	237.109375	-27.050781
406491.076833	3.267360	237.109375	-27.050781
406491.078832	3.266990	237.109375	-27.050781
406491.080833	3.266852	35.935368	0.181005
406492.090886	3.267210	22.851562	-285.156250
406492.092885	3.267731	22.851562	-285.156250
406492.094888	3.267353	22.851562	-285.156250
406492.096888	3.267276	35.940033	0.219988
406493.138937	3.266525	239.550781	-26.757812
406493.140940	3.267699	239.550781	-26.757812
406493.142941	3.267361	239.550781	-26.757812
406493.144940	3.267272	35.939995	0.241006
406494.153481	3.263371	28.125000	-278.125000
406494.155485	3.266900	28.125000	-278.125000
406494.157484	3.267278	28.125000	-278.125000
406494.159484	3.267082	28.125000	-278.125000
406494.161483	3.267014	35.937153	0.257060
406495.235495	3.265224	235.351562	-26.855469
406495.237498	3.267215	235.351562	-26.855469
406495.239497	3.267037	235.351562	-26.855469
406495.241497	3.266810	35.934910	0.183667
406496.251504	3.265528	27.343750	-275.292969
406496.253509	3.267272	27.343750	-275.292969
406496.255506	3.266929	27.343750	-275.292969
406496.257506	3.266814	35.934952	0.210204
406497.299520	3.264539	238.085937	-25.683594
406497.301521	3.267119	238.085937	-25.683594
406497.303521	3.267242	238.085937	-25.683594
406497.305521	3.266903	35.935936	0.249497
406498.315544	3.265458	32.226562	-263.476562
406498.317546	3.267239	32.226562	-263.476562
406498.319546	3.267144	32.226562	-263.476562
406498.321547	3.266883	35.935715	0.288435
406499.398063	3.266562	235.449219	-24.511719
406499.400065	3.267253	235.449219	-24.511719
406499.402066	3.266753	235.449219	-24.511719
406499.404065	3.266714	35.933853	0.196332
406500.412633	3.265229	27.636719	-251.171875
406500.414637	3.267279	27.636719	-251.171875
406500.416635	3.267303	27.636719	-251.171875
406500.418637	3.267230	35.939526	0.237188
406501.494666	3.266308	229.980469	-23.925781
406501.496667	3.267557	229.980469	-23.925781
406501.498667	3.267156	229.980469	-23.925781
406501.500667	3.267077	35.937851	0.174882
406502.512696	3.267789	25.976562	-236.718750
406502.514698	3.267322	25.976562	-236.718750
406502.516699	3.267277	35.940048	0.229465
406503.558743	3.265808	231.152344	-21.679687
406503.560744	3.267197	231.152344	-21.679687
406503.562745	3.266913	231.152344	-21.679687
406503.564744	3.266780	35.934582	0.226094
406504.607296	3.265805	29.199219	-224.609375
406504.609297	3.267726	29.199219	-224.609375
406504.611299	3.267440	29.199219	-224.609375
406504.617296	3.267189	35.939083	0.186797
406505.656272	3.266425	227.343750	-21.289062
406505.658274	3.266499	227.343750	-21.289062
406505.660275	3.267162	227.343750	-21.289062
406505.662276	3.266966	35.936626	0.177151
406506.672338	3.266666	36.914062	-210.253906
406506.674339	3.267453	36.914062	-210.253906
406506.676339	3.267033	36.914062	-210.253906
406506.678339	3.267092	35.938011	0.263360
406507.720386	3.265899	226.660156	-19.824219
406507.722388	3.267287	226.660156	-19.824219
406507.724386	3.267010	226.660156	-19.824219
406507.726388	3.266835	35.935181	0.207545
406508.768395	3.265187	41.308594	-208.496094
406508.770395	3.267503	41.308594	-208.496094
406508.772395	3.267547	41.308594	-208.496094
406508.774395	3.267238	35.939621	0.237649
406509.784939	3.266334	228.710937	-19.042969
406509.786944	3.266415	228.710937	-19.042969
406509.788950	3.267315	228.710937	-19.042969
406509.790952	3.267229	35.939518	0.260639
406510.867033	3.266819	37.890625	-204.980469
406510.869034	3.267155	37.890625	-204.980469
406510.871034	3.266827	37.890625	-204.980469
406510.873034	3.266789	35.934677	0.273728
406511.881090	3.264055	226.855469	-20.312500
406511.883091	3.267172	226.855469	-20.312500
406511.885093	3.267457	226.855469	-20.312500
406511.887091	3.266985	226.855469	-20.312500
406511.889098	3.267034	35.937370	0.217444
406512.963184	3.265364	38.867187	-208.593750
406512.967186	3.266810	38.867187	-208.593750
406512.969187	3.266662	38.867187	-208.593750
406512.971187	3.266624	35.932869	0.188400
406513.981240	3.267104	223.925781	-20.996094
406513.983244	3.266834	223.925781	-20.996094
406513.987243	3.266686	35.933544	0.179346
406515.029293	3.267094	45.117187	-213.183594
406515.033294	3.266706	45.117187	-213.183594
406515.035294	3.266658	35.933243	0.244144
406516.045824	3.267481	230.078125	-20.214844
406516.047831	3.267112	230.078125	-20.214844
406516.049834	3.266980	35.936779	0.235801
406517.125872	3.267071	42.285156	-211.425781
406517.127875	3.267527	42.285156	-211.425781
406517.129876	3.267238	42.285156	-211.425781
406517.131875	3.267028	35.937309	0.402276
406518.140421	3.265703	228.417969	-20.800781
406518.142423	3.267106	228.417969	-20.800781
406518.144421	3.266866	228.417969	-20.800781
406518.146424	3.266794	35.934738	0.207757
406519.226519	3.266977	36.816406	-206.250000
406519.228520	3.266927	35.936195	0.176391
406520.238539	3.266878	224.511719	-21.484375
406520.240541	3.267653	224.511719	-21.484375
406520.242541	3.267138	224.511719	-21.484375
406520.244541	3.267213	35.939339	0.183880
406521.286624	3.266247	43.457031	-204.199219
406521.288625	3.267291	43.457031	-204.199219
406521.290626	3.266936	43.457031	-204.199219
406521.292625	3.266853	35.935379	0.246216
406522.302657	3.266505	230.078125	-20.410156
406522.304660	3.267180	230.078125	-20.410156
406522.306662	3.266832	230.078125	-20.410156
406522.308664	3.266700	35.933697	0.229535
406523.382718	3.264545	39.355469	-200.585937
406523.384720	3.267547	39.355469	-200.585937
406523.386719	3.267588	39.355469	-200.585937
406523.388719	3.267292	39.355469	-200.585937
406523.392716	3.267236	35.939594	0.205929
406524.399245	3.266207	230.273437	-19.824219
406524.401246	3.267690	230.273437	-19.824219
406524.403246	3.267433	230.273437	-19.824219
406524.405247	3.267272	35.939987	0.211005
406525.452206	3.266910	37.207031	-196.679687
406525.454208	3.266821	37.207031	-196.679687
406525.456208	3.266772	35.934494	0.238187
406526.496243	3.265743	228.417969	-21.484375
406526.498245	3.267715	228.417969	-21.484375
406526.500244	3.267490	228.417969	-21.484375
406526.502243	3.267348	35.940830	0.182667
406527.546824	3.267516	34.570312	-196.289062
406527.550824	3.267097	34.570312	-196.289062
406527.552825	3.266982	35.936806	0.216548
406528.595388	3.267281	227.734375	-22.265625
406528.597390	3.267097	227.734375	-22.265625
406528.599389	3.266988	35.936867	0.160447
406529.609938	3.266631	35.937500	-204.589844
406529.611939	3.267375	35.937500	-204.589844
406529.613941	3.267088	35.937500	-204.589844
406529.617938	3.266765	35.934410	0.247612
406530.658910	3.266839	233.398437	-22.753906
406530.660913	3.267150	233.398437	-22.753906
406530.662912	3.266787	233.398437	-22.753906
406530.664912	3.266751	35.934261	0.314042
406531.708982	3.267448	24.316406	-210.937500
406531.710984	3.267110	24.316406	-210.937500
406531.712984	3.266983	35.936813	0.197880
406532.755050	3.265590	235.449219	-24.902344
406532.757049	3.267056	235.449219	-24.902344
406532.759051	3.266898	235.449219	-24.902344
406532.761049	3.266677	35.933445	0.194078
406533.771105	3.266284	28.027344	-222.558594
406533.773106	3.267457	28.027344	-222.558594
406533.775107	3.267221	28.027344	-222.558594
406533.777106	3.266970	35.936672	0.252896
406534.853148	3.266778	237.207031	-26.171875
406534.855150	3.267196	237.207031	-26.171875
406534.859148	3.266710	237.207031	-26.171875
406534.861149	3.266767	35.934441	0.224051
406535.867164	3.263979	23.242187	-231.933594
406535.869166	3.267392	23.242187	-231.933594
406535.873164	3.267259	23.242187	-231.933594
406535.875168	3.267168	23.242187	-231.933594
406535.877165	3.267198	35.939178	0.229336
406536.917222	3.266532	241.796875	-26.953125
406536.919234	3.267444	241.796875	-26.953125
406536.921238	3.267085	241.796875	-26.953125
406536.923238	3.267007	35.937080	0.231554
406537.933302	3.267231	27.343750	-242.675781
406537.935303	3.267687	27.343750	-242.675781
406537.937304	3.267391	27.343750	-242.675781
406537.939305	3.267322	35.940544	0.287136
406539.013367	3.265445	241.503906	-28.515625
406539.015367	3.267412	241.503906	-28.515625
406539.017368	3.267317	241.503906	-28.515625
406539.019368	3.267164	35.938805	0.204069
406540.031430	3.267214	28.222656	-245.214844
406540.033432	3.267055	28.222656	-245.214844
406540.035431	3.266760	35.934357	0.224487
406541.114382	3.267166	242.089844	-28.906250
406541.116385	3.267037	35.937408	0.184747
406542.129349	3.267354	21.875000	-244.921875
406542.131350	3.267338	21.875000	-244.921875
406542.133351	3.266932	35.936256	0.207570
406543.175427	3.265822	243.261719	-28.710937
406543.177428	3.266985	243.261719	-28.710937
406543.179428	3.266729	243.261719	-28.710937
406543.181428	3.266546	35.931999	0.220563
406544.195464	3.267371	26.269531	-242.578125
406544.197467	3.267173	26.269531	-242.578125
406544.199466	3.267205	35.939251	0.252022
406545.275499	3.267162	241.210937	-28.515625
406545.277501	3.266803	241.210937	-28.515625
406545.279501	3.266794	35.934738	0.321193
406546.288057	3.265530	23.925781	-233.789062
406546.290058	3.267334	23.925781	-233.789062
406546.292058	3.267207	23.925781	-233.789062
406546.294059	3.266988	35.936867	0.225231
406547.336105	3.264139	242.578125	-27.441406
406547.338107	3.267162	242.578125	-27.441406
406547.340107	3.267344	242.578125	-27.441406
406547.342108	3.267033	242.578125	-27.441406
406547.344107	3.266975	35.936726	0.257044
406548.386223	3.266803	23.242187	-224.023437
406548.388226	3.267425	23.242187	-224.023437
406548.390225	3.266996	23.242187	-224.023437
406548.392225	3.266894	35.935829	0.200525
406549.436269	3.267665	239.648437	-26.367187
406549.438272	3.267311	239.648437	-26.367187
406549.440270	3.267102	35.938118	0.202529
406550.450853	3.267089	29.394531	-210.839844
406550.452854	3.267332	29.394531	-210.839844
406550.454855	3.266957	29.394531	-210.839844
406550.456855	3.266969	35.936665	0.378464
406551.530871	3.265566	234.570312	-25.878906
406551.532873	3.267548	234.570312	-25.878906
406551.534873	3.267334	234.570312	-25.878906
406551.536873	3.267270	35.939968	0.180320
406552.546893	3.265576	27.929687	-196.289062
406552.548895	3.267155	27.929687	-196.289062
406552.550894	3.267117	27.929687	-196.289062
406552.552894	3.266802	35.934822	0.239644
406553.594930	3.264154	236.621094	-23.730469
406553.596933	3.266977	236.621094	-23.730469
406553.598932	3.267102	236.621094	-23.730469
406553.600932	3.266804	35.934845	0.214972
406554.643543	3.264690	30.957031	-183.789062
406554.645542	3.267063	30.957031	-183.789062
406554.647541	3.267107	30.957031	-183.789062
406554.649542	3.266828	35.935104	0.208608
406555.693596	3.266853	229.492187	-24.414062
406555.695600	3.266954	229.492187	-24.414062
406555.697599	3.266949	229.492187	-24.414062
406555.699598	3.266913	35.936043	0.181868
406556.743662	3.267155	31.347656	-177.246094
406556.745663	3.267134	31.347656	-177.246094
406556.747663	3.266744	35.934181	0.184448
406557.758239	3.266723	232.714844	-22.851562
406557.760239	3.266958	232.714844	-22.851562
406557.762241	3.266672	232.714844	-22.851562
406557.764240	3.266641	35.933056	0.216729
406558.806309	3.266535	38.378906	-175.585937
406558.808311	3.267247	38.378906	-175.585937
406558.810312	3.266916	38.378906	-175.585937
406558.814312	3.266724	35.933968	0.251240
406559.858342	3.266742	232.031250	-22.753906
406559.860345	3.266834	232.031250	-22.753906
406559.862345	3.266579	35.932373	0.179224
406560.903289	3.266241	40.917969	-172.558594
406560.905293	3.267231	40.917969	-172.558594
406560.907291	3.266845	40.917969	-172.558594
406560.911292	3.266708	35.933792	0.226775
406561.919312	3.266701	232.812500	-22.558594
406561.921314	3.267335	232.812500	-22.558594
406561.923313	3.266948	232.812500	-22.558594
406561.925313	3.266941	35.936352	0.228480
406562.999348	3.264304	36.914062	-175.000000
406563.001351	3.267053	36.914062	-175.000000
406563.003353	3.267093	36.914062	-175.000000
406563.007354	3.266692	35.933613	0.194017
406564.017438	3.267010	229.980469	-23.535156
406564.019440	3.266927	229.980469	-23.535156
406564.021441	3.266716	35.933880	0.187032
406565.063555	3.264355	41.699219	-177.441406
406565.065557	3.267289	41.699219	-177.441406
406565.067557	3.267467	41.699219	-177.441406
406565.069557	3.267262	41.699219	-177.441406
406565.071559	3.267190	35.939091	0.255375
406566.081588	3.267176	237.792969	-22.949219
406566.083587	3.267166	237.792969	-22.949219
406566.085587	3.266885	35.935734	0.642445
406567.162201	3.266611	40.136719	-177.734375
406567.164202	3.267367	40.136719	-177.734375
406567.166203	3.267034	40.136719	-177.734375
406567.168202	3.266852	35.935368	0.225103
406568.178246	3.266769	234.765625	-23.339844
406568.180249	3.267216	234.765625	-23.339844
406568.182249	3.266853	234.765625	-23.339844
406568.184251	3.266744	35.934181	0.288137
406569.260293	3.267400	35.644531	-171.386719
406569.262294	3.267359	35.644531	-171.386719
406569.264296	3.267029	35.937321	0.189878
406570.274326	2.585444	233.789062	-23.242187
406570.276325	3.267137	233.789062	-23.242187
406570.278326	3.266932	233.789062	-23.242187
406570.280326	3.266832	35.935146	0.188346
406571.323263	3.266480	39.062500	-168.847656
406571.325264	3.267620	39.062500	-168.847656
406571.327265	3.267284	39.062500	-168.847656
406571.331262	3.267211	35.939320	0.243676
406572.339332	3.266353	235.742187	-23.144531
406572.341335	3.267107	235.742187	-23.144531
406572.343334	3.266829	235.742187	-23.144531
406572.345334	3.266737	35.934109	0.228329
406573.423397	3.267488	34.863281	-164.062500
406573.425397	3.267110	34.863281	-164.062500
406573.429396	3.267101	35.938107	0.481156
406574.435442	3.264527	233.007812	-23.730469
406574.437444	3.266852	233.007812	-23.730469
406574.439443	3.266956	233.007812	-23.730469
406574.441444	3.266612	35.932728	0.223407
406575.485520	3.266878	36.425781	-163.281250
406575.487520	3.267145	36.425781	-163.281250
406575.489522	3.267019	36.425781	-163.281250
406575.491522	3.266879	35.935669	0.309964
406576.533638	3.266737	233.789062	-24.218750
406576.535640	3.267691	233.789062	-24.218750
406576.537638	3.267334	233.789062	-24.218750
406576.539638	3.267153	35.938683	0.190527
406577.581673	3.265480	29.882812	-163.671875
406577.583675	3.267302	29.882812	-163.671875
406577.585673	3.267058	29.882812	-163.671875
406577.587673	3.266901	35.935909	0.216385
406578.629735	3.264552	232.714844	-25.195312
406578.631737	3.267172	232.714844	-25.195312
406578.633736	3.267219	232.714844	-25.195312
406578.635737	3.266975	35.936726	0.167042
406579.645771	3.265371	32.031250	-171.289062
406579.647774	3.267331	32.031250	-171.289062
406579.649773	3.267171	32.031250	-171.289062
406579.651773	3.267040	35.937435	0.252532
406580.695822	3.267194	242.871094	-25.488281
406580.697824	3.267350	242.871094	-25.488281
406580.699824	3.267109	242.871094	-25.488281
406580.701824	3.266988	35.936867	0.243836
406581.745814	3.267205	25.585937	-181.933594
406581.747816	3.266853	25.585937	-181.933594
406581.749817	3.266860	35.935459	0.198397
406582.792354	3.266469	239.843750	-27.832031
406582.794356	3.267311	239.843750	-27.832031
406582.796356	3.266943	239.843750	-27.832031
406582.798357	3.266923	35.936150	0.200311
406583.808382	3.266447	26.562500	-191.113281
406583.810384	3.267247	26.562500	-191.113281
406583.812386	3.266871	26.562500	-191.113281
406583.814384	3.266790	35.934685	0.253096
406584.888430	3.264845	241.406250	-28.808594
406584.890432	3.267098	241.406250	-28.808594
406584.892434	3.267139	241.406250	-28.808594
406584.896430	3.266824	35.935059	0.186942
406585.904451	3.265154	23.339844	-200.585937
406585.906452	3.267147	23.339844	-200.585937
406585.908452	3.267091	23.339844	-200.585937
406585.910452	3.266858	35.935440	0.224602
406586.956523	3.267212	245.605469	-30.175781
406586.958526	3.266651	245.605469	-30.175781
406586.960526	3.266690	35.933586	0.246786
406588.002545	3.267049	18.652344	-207.714844
406588.004547	3.267786	18.652344	-207.714844
406588.006547	3.267446	18.652344	-207.714844
406588.008547	3.267309	35.940403	0.180344
406589.052608	3.267246	247.753906	-30.566406
406589.054611	3.267074	247.753906	-30.566406
406589.056613	3.266919	35.936104	0.206112
406590.065204	3.262807	24.511719	-212.402344
406590.067204	3.266834	24.511719	-212.402344
406590.069204	3.267238	24.511719	-212.402344
406590.071204	3.266852	24.511719	-212.402344
406590.075201	3.266819	35.935005	0.236609
406591.147246	3.265109	246.191406	-31.054687
406591.153247	3.267057	246.191406	-31.054687
406591.155250	3.266935	246.191406	-31.054687
406591.157250	3.266926	35.936184	0.182512
406592.164228	3.266795	22.753906	-210.253906
406592.166229	3.267515	22.753906	-210.253906
406592.168229	3.267141	22.753906	-210.253906
406592.170229	3.266956	35.936512	0.199717
406593.215174	3.267412	249.218750	-30.566406
406593.217176	3.267102	249.218750	-30.566406
406593.219177	3.267106	35.938168	0.225331
406594.227738	3.265581	26.074219	-205.078125
406594.229740	3.267168	26.074219	-205.078125
406594.231738	3.267120	26.074219	-205.078125
406594.233740	3.266816	35.934978	0.261099
406595.309817	3.266587	243.359375	-30.957031
406595.311819	3.267283	243.359375	-30.957031
406595.313819	3.266879	243.359375	-30.957031
406595.315819	3.266834	35.935173	0.191332
406596.325872	3.266654	25.781250	-195.800781
406596.327875	3.267254	25.781250	-195.800781
406596.329875	3.266997	25.781250	-195.800781
406596.331874	3.266829	35.935123	0.235799
406597.408843	3.267290	240.136719	-30.371094
406597.412844	3.266800	240.136719	-30.371094
406597.414844	3.266823	35.935051	0.167028
406598.421449	3.264135	21.972656	-182.714844
406598.423452	3.266992	21.972656	-182.714844
406598.425459	3.267155	21.972656	-182.714844
406598.427462	3.266891	21.972656	-182.714844
406598.429460	3.266887	35.935760	0.208154
406599.471501	3.267052	240.625000	-28.808594
406599.473502	3.267543	240.625000	-28.808594
406599.475503	3.267120	240.625000	-28.808594
406599.477501	3.267082	35.937904	0.209952
406600.485524	3.263384	27.636719	-172.460937
406600.487527	3.267051	27.636719	-172.460937
406600.489528	3.267377	27.636719	-172.460937
406600.491527	3.267087	27.636719	-172.460937
406600.493527	3.267059	35.937649	0.263580
