crossing time (s)	slope (V/s)	crossing number
281474976710655.000000	3.174449	4087	405287731200.000000
281474976710655.000000	3.358018	4088	405288747008.000000
281474976710655.000000	3.418497	4089	405289828352.000000
281474976710655.000000	3.633119	4090	405290844160.000000
281474976710655.000000	3.285329	4091	405291892736.000000
281474976710655.000000	3.252479	4092	405292941312.000000
281474976710655.000000	3.156508	4093	405293957120.000000
281474976710655.000000	3.524646	4094	405295038464.000000
281474976710655.000000	3.844059	4095	405296054272.000000
281474976710655.000000	3.099131	4096	405297135616.000000
281474976710655.000000	3.849004	4097	405298151424.000000
281474976710655.000000	3.196203	4098	405299200000.000000
281474976710655.000000	3.729483	4099	405300248576.000000
281474976710655.000000	3.398056	4100	405301264384.000000
281474976710655.000000	3.896027	4101	405302345728.000000
281474976710655.000000	3.674739	4102	405303328768.000000
281474976710655.000000	3.790930	4103	405304442880.000000
281474976710655.000000	3.812113	4104	405305425920.000000
281474976710655.000000	3.545840	4105	405306507264.000000
281474976710655.000000	3.678158	4106	405307523072.000000
281474976710655.000000	4.215485	4107	405308604416.000000
281474976710655.000000	4.031829	4108	405309620224.000000
281474976710655.000000	3.416983	4109	405310668800.000000
281474976710655.000000	3.878570	4110	405311717376.000000
281474976710655.000000	3.818995	4111	405312765952.000000
281474976710655.000000	4.722513	4112	405313814528.000000
281474976710655.000000	3.931425	4113	405314830336.000000
281474976710655.000000	3.841309	4114	405315878912.000000
281474976710655.000000	3.661087	4115	405316927488.000000
281474976710655.000000	4.305652	4116	405317976064.000000
281474976710655.000000	4.155347	4117	405319024640.000000
281474976710655.000000	4.301141	4118	405320040448.000000
281474976710655.000000	3.884237	4119	405321121792.000000
281474976710655.000000	4.185486	4120	405322137600.000000
281474976710655.000000	4.011678	4121	405323218944.000000
281474976710655.000000	4.343745	4122	405324234752.000000
281474976710655.000000	3.920499	4123	405325283328.000000
281474976710655.000000	4.113433	4124	405326299136.000000
281474976710655.000000	4.722251	4125	405327380480.000000
281474976710655.000000	4.435637	4126	405328396288.000000
281474976710655.000000	4.144350	4127	405329477632.000000
281474976710655.000000	3.883140	4128	405330460672.000000
281474976710655.000000	4.645689	4129	405331542016.000000
281474976710655.000000	4.182938	4130	405332590592.000000
281474976710655.000000	4.832794	4131	405333606400.000000
281474976710655.000000	4.650337	4132	405334687744.000000
281474976710655.000000	4.950918	4133	405335703552.000000
281474976710655.000000	4.230575	4134	405336752128.000000
281474976710655.000000	4.498299	4135	405337767936.000000
281474976710655.000000	4.535238	4136	405338849280.000000
281474976710655.000000	4.235273	4137	405339865088.000000
281474976710655.000000	4.830829	4138	405340913664.000000
281474976710655.000000	4.716686	4139	405341962240.000000
281474976710655.000000	5.225498	4140	405343010816.000000
281474976710655.000000	4.072822	4141	405344059392.000000
281474976710655.000000	4.445986	4142	405345075200.000000
281474976710655.000000	5.304850	4143	405346156544.000000
281474976710655.000000	5.470727	4144	405347139584.000000
281474976710655.000000	4.932189	4145	405348253696.000000
281474976710655.000000	4.559167	4146	405349236736.000000
281474976710655.000000	4.722808	4147	405350318080.000000
281474976710655.000000	4.868763	4148	405351333888.000000
281474976710655.000000	4.979721	4149	405352415232.000000
281474976710655.000000	4.517252	4150	405353398272.000000
281474976710655.000000	5.555161	4151	405354512384.000000
281474976710655.000000	4.818955	4152	405355495424.000000
281474976710655.000000	5.201649	4153	405356576768.000000
281474976710655.000000	4.594789	4154	405357592576.000000
281474976710655.000000	5.179957	4155	405358673920.000000
281474976710655.000000	4.430613	4156	405359689728.000000
281474976710655.000000	5.549975	4157	405360738304.000000
281474976710655.000000	5.744864	4158	405361754112.000000
281474976710655.000000	4.729205	4159	405362835456.000000
281474976710655.000000	4.363382	4160	405363851264.000000
281474976710655.000000	5.695439	4161	405364932608.000000
281474976710655.000000	5.726161	4162	405365948416.000000
281474976710655.000000	5.666564	4163	405367029760.000000
281474976710655.000000	5.886344	4164	405368012800.000000
281474976710655.000000	4.933909	4165	405369094144.000000
281474976710655.000000	4.860779	4166	405370109952.000000
281474976710655.000000	5.885470	4167	405371191296.000000
281474976710655.000000	5.839831	4168	405372174336.000000
281474976710655.000000	5.612055	4169	405373288448.000000
281474976710655.000000	5.982994	4170	405374271488.000000
281474976710655.000000	5.220558	4171	405375352832.000000
281474976710655.000000	5.465887	4172	405376368640.000000
281474976710655.000000	5.615225	4173	405377449984.000000
281474976710655.000000	6.051106	4174	405378465792.000000
281474976710655.000000	5.955094	4175	405379514368.000000
281474976710655.000000	5.706326	4176	405380562944.000000
281474976710655.000000	5.751939	4177	405381578752.000000
281474976710655.000000	5.663507	4178	405382660096.000000
281474976710655.000000	5.622245	4179	405383675904.000000
281474976710655.000000	6.315803	4180	405384724480.000000
281474976710655.000000	6.723558	4181	405385773056.000000
281474976710655.000000	5.503797	4182	405386821632.000000
281474976710655.000000	6.386801	4183	405387837440.000000
281474976710655.000000	6.447935	4184	405388886016.000000
281474976710655.000000	5.967626	4185	405389934592.000000
281474976710655.000000	5.564597	4186	405390950400.000000
281474976710655.000000	6.468404	4187	405392031744.000000
281474976710655.000000	5.988220	4188	405393047552.000000
281474976710655.000000	6.235338	4189	405394128896.000000
281474976710655.000000	6.141567	4190	405395144704.000000
281474976710655.000000	6.530629	4191	405396226048.000000
281474976710655.000000	6.439245	4192	405397209088.000000
281474976710655.000000	6.305844	4193	405398290432.000000
281474976710655.000000	6.440088	4194	405399306240.000000
281474976710655.000000	6.420291	4195	405400387584.000000
281474976710655.000000	6.474800	4196	405401403392.000000
281474976710655.000000	6.372308	4197	405402484736.000000
281474976710655.000000	6.630148	4198	405403467776.000000
281474976710655.000000	6.511778	4199	405404549120.000000
281474976710655.000000	6.737389	4200	405405564928.000000
281474976710655.000000	6.395192	4201	405406646272.000000
281474976710655.000000	6.387279	4202	405407629312.000000
281474976710655.000000	6.729381	4203	405408743424.000000
281474976710655.000000	6.333384	4204	405409726464.000000
281474976710655.000000	6.899377	4205	405410807808.000000
281474976710655.000000	6.771597	4206	405411823616.000000
281474976710655.000000	6.730731	4207	405412904960.000000
281474976710655.000000	6.116460	4208	405413920768.000000
281474976710655.000000	7.184886	4209	405414969344.000000
281474976710655.000000	6.845135	4210	405416017920.000000
281474976710655.000000	7.220169	4211	405417033728.000000
281474976710655.000000	6.287386	4212	405418115072.000000
281474976710655.000000	7.063923	4213	405419130880.000000
281474976710655.000000	7.160462	4214	405420179456.000000
281474976710655.000000	6.866177	4215	405421228032.000000
281474976710655.000000	6.713604	4216	405422276608.000000
281474976710655.000000	6.895525	4217	405423292416.000000
281474976710655.000000	7.168029	4218	405424340992.000000
281474976710655.000000	7.187048	4219	405425389568.000000
281474976710655.000000	6.967258	4220	405426438144.000000
281474976710655.000000	6.737491	4221	405427486720.000000
281474976710655.000000	7.462858	4222	405428535296.000000
281474976710655.000000	7.428456	4223	405429583872.000000
281474976710655.000000	7.691130	4224	405430599680.000000
281474976710655.000000	6.796751	4225	405431648256.000000
281474976710655.000000	7.234794	4226	405432696832.000000
281474976710655.000000	7.454628	4227	405433745408.000000
281474976710655.000000	7.502258	4228	405434761216.000000
281474976710655.000000	7.216732	4229	405435842560.000000
281474976710655.000000	7.607720	4230	405436858368.000000
281474976710655.000000	6.797215	4231	405437906944.000000
281474976710655.000000	7.204787	4232	405438922752.000000
281474976710655.000000	8.008214	4233	405440004096.000000
281474976710655.000000	7.914841	4234	405441019904.000000
281474976710655.000000	6.881633	4235	405442101248.000000
281474976710655.000000	7.395817	4236	405443117056.000000
281474976710655.000000	7.630238	4237	405444165632.000000
281474976710655.000000	7.583083	4238	405445181440.000000
281474976710655.000000	7.894149	4239	405446262784.000000
281474976710655.000000	8.193423	4240	405447278592.000000
281474976710655.000000	6.749537	4241	405448327168.000000
281474976710655.000000	7.396542	4242	405449375744.000000
281474976710655.000000	8.214110	4243	405450424320.000000
281474976710655.000000	8.189515	4244	405451472896.000000
281474976710655.000000	7.429553	4245	405452488704.000000
281474976710655.000000	7.644011	4246	405453570048.000000
281474976710655.000000	7.821667	4247	405454585856.000000
281474976710655.000000	7.665356	4248	405455634432.000000
281474976710655.000000	8.003179	4249	405456683008.000000
281474976710655.000000	8.282200	4250	405457731584.000000
281474976710655.000000	8.220088	4251	405458747392.000000
281474976710655.000000	7.673080	4252	405459795968.000000
281474976710655.000000	8.151705	4253	405460844544.000000
281474976710655.000000	7.720175	4254	405461893120.000000
281474976710655.000000	8.022913	4255	405462941696.000000
281474976710655.000000	7.613047	4256	405463957504.000000
281474976710655.000000	8.274785	4257	405465038848.000000
281474976710655.000000	8.157443	4258	405466054656.000000
281474976710655.000000	8.374551	4259	405467136000.000000
281474976710655.000000	7.952690	4260	405468119040.000000
281474976710655.000000	8.049284	4261	405469200384.000000
281474976710655.000000	7.749401	4262	405470216192.000000
281474976710655.000000	8.312093	4263	405471297536.000000
281474976710655.000000	8.118248	4264	405472280576.000000
281474976710655.000000	7.923847	4265	405473394688.000000
281474976710655.000000	8.093585	4266	405474377728.000000
281474976710655.000000	8.080486	4267	405475459072.000000
281474976710655.000000	8.189738	4268	405476474880.000000
281474976710655.000000	8.168460	4269	405477556224.000000
281474976710655.000000	8.219885	4270	405478539264.000000
281474976710655.000000	8.128076	4271	405479620608.000000
281474976710655.000000	8.029024	4272	405480636416.000000
281474976710655.000000	8.597224	4273	405481717760.000000
281474976710655.000000	8.456020	4274	405482733568.000000
281474976710655.000000	8.309162	4275	405483782144.000000
281474976710655.000000	7.735261	4276	405484830720.000000
281474976710655.000000	9.206324	4277	405485879296.000000
281474976710655.000000	8.368307	4278	405486927872.000000
281474976710655.000000	8.532041	4279	405487943680.000000
281474976710655.000000	8.263176	4280	405488992256.000000
281474976710655.000000	8.560375	4281	405490040832.000000
281474976710655.000000	8.578872	4282	405491089408.000000
281474976710655.000000	8.617731	4283	405492105216.000000
281474976710655.000000	8.315593	4284	405493186560.000000
281474976710655.000000	8.262487	4285	405494202368.000000
281474976710655.000000	9.046969	4286	405495250944.000000
281474976710655.000000	8.602350	4287	405496299520.000000
281474976710655.000000	8.963485	4288	405497348096.000000
281474976710655.000000	8.420896	4289	405498396672.000000
281474976710655.000000	8.725853	4290	405499412480.000000
281474976710655.000000	9.105430	4291	405500461056.000000
281474976710655.000000	8.875219	4292	405501509632.000000
281474976710655.000000	8.756561	4293	405502558208.000000
281474976710655.000000	8.797021	4294	405503606784.000000
281474976710655.000000	8.994330	4295	405504655360.000000
281474976710655.000000	8.818756	4296	405505671168.000000
281474976710655.000000	9.174326	4297	405506719744.000000
281474976710655.000000	8.640753	4298	405507768320.000000
281474976710655.000000	8.874539	4299	405508816896.000000
281474976710655.000000	8.980072	4300	405509865472.000000
281474976710655.000000	9.046302	4301	405510881280.000000
281474976710655.000000	8.977986	4302	405511929856.000000
281474976710655.000000	8.689130	4303	405512978432.000000
281474976710655.000000	8.911169	4304	405514027008.000000
281474976710655.000000	8.716360	4305	405515042816.000000
281474976710655.000000	8.814006	4306	405516124160.000000
281474976710655.000000	9.046610	4307	405517139968.000000
281474976710655.000000	9.272627	4308	405518188544.000000
281474976710655.000000	9.384020	4309	405519237120.000000
281474976710655.000000	8.890288	4310	405520285696.000000
281474976710655.000000	9.021462	4311	405521301504.000000
281474976710655.000000	9.039248	4312	405522350080.000000
281474976710655.000000	9.095203	4313	405523398656.000000
281474976710655.000000	8.863426	4314	405524447232.000000
281474976710655.000000	9.344759	4315	405525495808.000000
281474976710655.000000	9.055265	4316	405526511616.000000
281474976710655.000000	9.079097	4317	405527592960.000000
281474976710655.000000	9.144559	4318	405528608768.000000
281474976710655.000000	9.413120	4319	405529690112.000000
281474976710655.000000	9.326672	4320	405530673152.000000
281474976710655.000000	9.486134	4321	405531754496.000000
281474976710655.000000	9.521099	4322	405532770304.000000
281474976710655.000000	9.217906	4323	405533851648.000000
281474976710655.000000	9.142996	4324	405534867456.000000
281474976710655.000000	9.851956	4325	405535948800.000000
281474976710655.000000	9.761041	4326	405536931840.000000
281474976710655.000000	9.629330	4327	405538013184.000000
281474976710655.000000	9.314487	4328	405539028992.000000
281474976710655.000000	9.404021	4329	405540110336.000000
281474976710655.000000	9.020990	4330	405541126144.000000
281474976710655.000000	9.456107	4331	405542174720.000000
281474976710655.000000	9.128159	4332	405543190528.000000
281474976710655.000000	9.421941	4333	405544271872.000000
281474976710655.000000	9.108142	4334	405545287680.000000
281474976710655.000000	9.696492	4335	405546336256.000000
281474976710655.000000	9.380387	4336	405547384832.000000
281474976710655.000000	10.099562	4337	405548433408.000000
281474976710655.000000	8.930350	4338	405549481984.000000
281474976710655.000000	10.147193	4339	405550497792.000000
281474976710655.000000	9.618011	4340	405551546368.000000
281474976710655.000000	9.733539	4341	405552594944.000000
281474976710655.000000	9.326037	4342	405553643520.000000
281474976710655.000000	9.644120	4343	405554659328.000000
281474976710655.000000	9.724573	4344	405555740672.000000
281474976710655.000000	10.062734	4345	405556756480.000000
281474976710655.000000	9.683280	4346	405557805056.000000
281474976710655.000000	9.434123	4347	405558853632.000000
281474976710655.000000	9.891090	4348	405559902208.000000
281474976710655.000000	9.977755	4349	405560918016.000000
281474976710655.000000	9.683370	4350	405561966592.000000
281474976710655.000000	9.381421	4351	405563015168.000000
281474976710655.000000	10.016912	4352	405564063744.000000
281474976710655.000000	10.510855	4353	405565112320.000000
281474976710655.000000	10.010538	4354	405566160896.000000
281474976710655.000000	10.470005	4355	405567176704.000000
281474976710655.000000	9.138454	4356	405568225280.000000
281474976710655.000000	9.204862	4357	405569273856.000000
281474976710655.000000	10.412705	4358	405570322432.000000
281474976710655.000000	10.067807	4359	405571338240.000000
281474976710655.000000	9.984938	4360	405572419584.000000
281474976710655.000000	9.686679	4361	405573435392.000000
281474976710655.000000	10.282325	4362	405574483968.000000
281474976710655.000000	10.170341	4363	405575532544.000000
281474976710655.000000	9.549722	4364	405576581120.000000
281474976710655.000000	10.294877	4365	405577596928.000000
281474976710655.000000	9.951148	4366	405578645504.000000
281474976710655.000000	9.927851	4367	405579694080.000000
281474976710655.000000	9.797501	4368	405580742656.000000
281474976710655.000000	10.325216	4369	405581791232.000000
281474976710655.000000	9.488969	4370	405582807040.000000
281474976710655.000000	10.092271	4371	405583888384.000000
281474976710655.000000	9.944735	4372	405584904192.000000
281474976710655.000000	9.888805	4373	405585952768.000000
281474976710655.000000	10.355572	4374	405586968576.000000
281474976710655.000000	10.000494	4375	405588049920.000000
281474976710655.000000	9.974608	4376	405589065728.000000
281474976710655.000000	10.160365	4377	405590147072.000000
