time (s)	energy (uJ)	charge (mC)	voltage (mV)	crossing#mod 255
402145.251636	56.364101	0.035937	1.568431	98
402146.299984	64.383026	0.035933	1.791764	99
402147.318563	61.760948	0.035938	1.718556	100
402148.365149	129.968323	0.035935	3.616760	101
402149.413182	58.654129	0.035930	1.632463	102
402150.462151	68.028580	0.035937	1.892987	103
402151.477319	63.515717	0.035936	1.767486	104
402152.557638	64.160858	0.035935	1.785454	105
402153.575447	62.617817	0.035940	1.742295	106
402154.624012	69.982803	0.035936	1.947409	107
402155.638841	66.609451	0.035935	1.853596	108
402156.722644	66.393646	0.035944	1.847119	109
402157.735373	63.550083	0.035932	1.768598	110
402158.817334	64.707397	0.035936	1.800652	111
402159.832757	63.009537	0.035935	1.753440	112
402160.886352	67.293854	0.035938	1.872501	113
402161.896974	64.471970	0.035938	1.793990	114
402162.979480	68.474884	0.035943	1.905081	115
402163.996994	63.426807	0.035930	1.765272	116
402165.043757	69.811584	0.035935	1.942731	117
402166.091717	60.519932	0.035933	1.684229	118
402167.144633	67.920807	0.035933	1.890206	119
402168.188535	56.236553	0.035942	1.564665	120
402169.204728	72.281197	0.035931	2.011687	121
402170.253711	63.671398	0.035932	1.771992	122
402171.303797	67.921547	0.035933	1.890235	123
402172.350828	61.965111	0.035934	1.724431	124
402173.366446	78.908501	0.035936	2.195826	125
402174.446476	58.321102	0.035941	1.622698	126
402175.464555	73.045830	0.035932	2.032870	127
402176.546584	55.204102	0.035938	1.536113	128
402177.563122	66.635124	0.035939	1.854129	129
402178.611735	63.772209	0.035941	1.774335	130
402179.625734	77.982231	0.035936	2.170051	131
402180.705908	56.990990	0.035933	1.586042	132
402181.721879	68.670715	0.035937	1.910845	133
402182.802679	56.989918	0.035932	1.586050	134
402183.786975	76.882019	0.035933	2.139579	135
402184.870429	61.399727	0.035937	1.708527	136
402185.884512	75.161041	0.035930	2.091893	137
402186.965035	56.873554	0.035932	1.582793	138
402187.981022	70.420677	0.035934	1.959737	139
402189.031110	64.245697	0.035941	1.787526	140
402190.047691	79.274757	0.035936	2.206015	141
402191.127622	59.067387	0.035933	1.643798	142
402192.143739	75.748489	0.035933	2.108033	143
402193.190006	62.566086	0.035933	1.741180	144
402194.240370	72.707901	0.035941	2.022987	145
402195.292359	60.248760	0.035939	1.676422	146
402196.336925	65.570099	0.035936	1.824617	147
402197.352971	65.702354	0.035940	1.828104	148
402198.401023	77.187416	0.035937	2.147842	149
402199.452042	59.943932	0.035936	1.668080	150
402200.500751	71.366478	0.035943	1.985538	151
402201.516102	68.259781	0.035937	1.899430	152
402202.596103	67.028221	0.035938	1.865101	153
402203.610566	65.477707	0.035935	1.822128	154
402204.660168	75.187347	0.035931	2.092535	155
402205.676240	71.662437	0.035939	1.993998	156
402206.757525	77.937500	0.035935	2.168844	157
402207.776394	68.443420	0.035941	1.904344	158
402208.854491	65.259918	0.035927	1.816458	159
402209.870561	65.528748	0.035930	1.823786	160
402210.918584	74.286850	0.035939	2.067054	161
402211.966916	57.500946	0.035934	1.600169	162
402213.015325	75.494865	0.035939	2.100659	163
402214.036745	67.696251	0.035935	1.883830	164
402215.080090	75.289986	0.035938	2.095007	165
402216.127680	65.126251	0.035936	1.812300	166
402217.179783	71.926353	0.035937	2.001453	167
402218.227777	58.371361	0.035941	1.624109	168
402219.245819	78.300278	0.035933	2.179048	169
402220.292443	67.657776	0.035936	1.882728	170
402221.341501	70.962723	0.035942	1.974388	171
402222.387055	65.532074	0.035934	1.823669	172
402223.402463	83.653656	0.035940	2.327579	173
402224.485021	60.741707	0.035932	1.690453	174
402225.499726	75.121590	0.035940	2.090187	175
402226.551608	68.822624	0.035935	1.915207	176
402227.563774	83.754112	0.035935	2.330736	177
402228.646252	65.832947	0.035936	1.831969	178
402229.663713	77.746674	0.035935	2.163514	179
402230.742109	61.310555	0.035938	1.705989	180
402231.757882	73.745422	0.035936	2.052136	181
402232.809792	68.526093	0.035940	1.906689	182
402233.823823	82.848610	0.035936	2.305444	183
402234.906457	63.181324	0.035931	1.758407	184
402235.920465	77.870308	0.035931	2.167205	185
402237.002504	59.734772	0.035933	1.662409	186
402238.018520	74.149811	0.035940	2.063170	187
402239.067134	67.994659	0.035933	1.892248	188
402240.083734	82.392494	0.035935	2.292810	189
402241.162563	62.255173	0.035933	1.732512	190
402242.179357	80.639496	0.035937	2.243925	191
402243.227609	65.542664	0.035935	1.823938	192
402244.277080	75.529083	0.035938	2.101643	193
402245.327125	63.138321	0.035937	1.756939	194
402246.343176	81.239441	0.035940	2.260390	195
402247.389204	66.462280	0.035933	1.849626	196
402248.437003	82.411804	0.035938	2.293147	197
402249.487273	60.596451	0.035942	1.685952	198
402250.535852	73.634315	0.035933	2.049197	199
402251.549903	71.849045	0.035932	1.999584	200
402252.633909	68.345337	0.035935	1.901909	201
402253.646485	66.715836	0.035932	1.856710	202
402254.698543	78.115738	0.035942	2.173390	203
402255.712562	75.590164	0.035935	2.103502	204
402256.793136	73.883293	0.035934	2.056069	205
402257.811678	71.458450	0.035936	1.988466	206
402258.858300	79.415504	0.035936	2.209916	207
402259.907179	64.853111	0.035935	1.804718	208
402260.954291	78.524391	0.035933	2.185290	209
402261.972376	75.416451	0.035938	2.098527	210
402263.020967	77.967316	0.035941	2.169343	211
402264.071010	69.643822	0.035943	1.937627	212
402265.117021	77.310982	0.035933	2.151504	213
402266.166010	64.482635	0.035933	1.794530	214
402267.181087	88.175667	0.035939	2.453489	215
402268.262627	61.045570	0.035936	1.698709	216
402269.280719	77.603546	0.035932	2.159763	217
402270.328762	72.093102	0.035939	2.005993	218
402271.375366	72.890427	0.035933	2.028517	219
402272.423561	67.114746	0.035938	1.867510	220
402273.440928	81.382164	0.035940	2.264398	221
402274.521489	62.516720	0.035934	1.739755	222
402275.538056	74.488937	0.035940	2.072605	223
402276.586098	72.609299	0.035932	2.020723	224
402277.604161	84.679344	0.035933	2.356584	225
402278.683177	64.492340	0.035930	1.794963	226
402279.699261	77.248085	0.035936	2.149626	227
402280.779190	62.885853	0.035938	1.749846	228
402281.797327	73.671379	0.035935	2.050130	229
402282.844590	71.542206	0.035934	1.990933	230
402283.859954	84.240189	0.035941	2.343876	231
402284.940246	63.691692	0.035934	1.772462	232
402285.960054	141.411743	0.035937	3.935020	233
402287.006111	72.648186	0.035936	2.021601	234
402288.054852	72.666092	0.035934	2.022184	235
402289.104272	65.515450	0.035934	1.823235	236
402290.118836	83.135948	0.035942	2.313051	237
402291.166882	71.587807	0.035938	1.992003	238
402292.215310	78.417313	0.035941	2.181853	239
402293.265054	68.246239	0.035934	1.899215	240
402294.315901	71.280930	0.035940	1.983337	241
402295.328404	76.159195	0.035932	2.119536	242
402296.378148	82.506287	0.035941	2.295626	243
402297.426195	68.113121	0.035935	1.895435	244
402298.474792	78.577538	0.035934	2.186693	245
402299.523352	63.933796	0.035937	1.779052	246
402300.571396	70.606125	0.035936	1.964770	247
402301.589440	74.083000	0.035941	2.061248	248
402302.637515	81.045410	0.035931	2.255557	249
402303.684202	66.556175	0.035941	1.851841	250
402304.733144	77.839333	0.035933	2.166249	251
402305.749074	79.052330	0.035929	2.200229	252
402306.829341	67.292267	0.035936	1.872539	253
402307.845617	73.071068	0.035937	2.033331	254
402308.893706	79.488251	0.035938	2.211847	255
402309.943719	65.601929	0.035935	1.825595	0
402310.994678	74.795555	0.035939	2.081187	1
402312.006400	77.959229	0.035936	2.169374	2
402313.056784	79.940163	0.035930	2.224880	3
402314.104845	73.028831	0.035932	2.032400	4
402315.152950	76.387024	0.035940	2.125416	5
402316.201079	65.431808	0.035933	1.820961	6
402317.217507	85.809357	0.035939	2.387613	7
402318.299222	61.028404	0.035932	1.698447	8
402319.315036	76.087166	0.035932	2.117532	9
402320.363583	72.289864	0.035935	2.011691	10
402321.379608	86.950363	0.035938	2.419460	11
402322.461660	67.893753	0.035938	1.889186	12
402323.476425	80.344330	0.035932	2.236015	13
402324.557403	63.113663	0.035937	1.756221	14
402325.540866	88.502525	0.035932	2.463037	15
402326.622878	72.952225	0.035937	2.029979	16
402327.637947	82.512268	0.035934	2.296237	17
402328.719524	65.885216	0.035938	1.833281	18
402329.735547	75.979950	0.035936	2.114321	19
402330.785634	76.189766	0.035943	2.119714	20
402331.798899	87.869072	0.035940	2.444886	21
402332.880761	67.841393	0.035937	1.887789	22
402333.897203	80.182175	0.035934	2.231364	23
402334.977474	64.166275	0.035937	1.785544	24
402335.995861	78.044441	0.035934	2.171867	25
402337.042429	72.321198	0.035930	2.012839	26
402338.057622	86.899574	0.035933	2.418347	27
402339.139616	65.323120	0.035931	1.817991	28
402340.155560	82.033119	0.035937	2.282708	29
402341.204574	71.108673	0.035940	1.978546	30
402342.253147	78.529480	0.035940	2.185027	31
402343.301713	68.004402	0.035938	1.892270	32
402344.317423	86.608459	0.035933	2.410245	33
402345.366714	73.652992	0.035939	2.049392	34
402346.413031	84.379311	0.035939	2.347852	35
402347.462758	67.084091	0.035940	1.866548	36
402348.511227	76.326790	0.035940	2.123722	37
402349.527468	80.222214	0.035941	2.232082	38
402351.623849	71.150795	0.035938	1.979841	40
402352.674401	81.959282	0.035939	2.280511	41
402353.720434	65.338951	0.035939	1.818035	42
402354.770511	84.726959	0.035934	2.357844	43
402355.786571	77.928398	0.035935	2.168568	44
402356.836595	81.586067	0.035941	2.269999	45
402357.883165	69.755562	0.035937	1.941050	46
402358.933753	77.452652	0.035932	2.155545	47
402359.981716	63.010761	0.035937	1.753384	48
402360.996323	83.775421	0.035943	2.330810	49
402362.044446	77.097588	0.035941	2.145117	50
402363.092111	78.833572	0.035940	2.193470	51
402364.143970	70.499031	0.035935	1.961833	52
402365.160005	109.352501	0.035933	3.043273	53
402366.238350	64.936630	0.035938	1.806896	54
402367.254237	80.176445	0.035941	2.230799	55
402368.302580	78.093788	0.035942	2.172751	56
402369.318532	91.217255	0.035939	2.538127	57
402370.400558	71.205681	0.035939	1.981315	58
402371.416251	82.814743	0.035936	2.304486	59
402372.496302	67.027428	0.035932	1.865406	60
402373.516373	166.775513	0.035936	4.640960	61
402374.562372	77.913696	0.035938	2.167985	62
402375.578017	88.925652	0.035939	2.474341	63
402376.659996	69.701752	0.035940	1.939366	64
402377.674852	80.011795	0.035942	2.226118	65
402378.724987	79.309151	0.035937	2.206924	66
402379.772536	73.988449	0.035934	2.058988	67
402380.820574	72.831825	0.035933	2.026873	68
402381.836612	85.529121	0.035937	2.379974	69
402382.920653	66.255348	0.035939	1.843560	70
402383.933233	80.762222	0.035940	2.247139	71
402384.982742	75.690308	0.035940	2.106038	72
402385.996720	92.149635	0.035929	2.564737	73
402387.080847	67.931526	0.035932	1.890550	74
402388.096895	84.188065	0.035940	2.342494	75
402389.145000	75.237862	0.035935	2.093698	76
402390.191651	82.159470	0.035934	2.286386	77
402391.241603	70.443901	0.035933	1.960436	78
402392.292159	70.673210	0.035936	1.966620	79
402393.306197	79.527588	0.035940	2.212803	80
402394.353234	85.629143	0.035935	2.382873	81
402395.402791	70.102882	0.035934	1.950905	82
402396.450129	80.440445	0.035940	2.238217	83
402397.469950	81.666924	0.035937	2.272488	84
402398.548292	71.932205	0.035939	2.001531	85
402399.566341	76.639450	0.035940	2.132424	86
402400.611003	85.305069	0.035936	2.373776	87
402401.661918	67.932861	0.035937	1.890338	88
402402.709964	79.318626	0.035935	2.207311	89
402403.725970	81.737518	0.035937	2.274496	90
402404.773174	84.622635	0.035936	2.354819	91
402405.821115	76.036804	0.035934	2.116027	92
402406.873039	80.163063	0.035932	2.230943	93
402407.919487	66.941147	0.035943	1.862441	94
402408.935672	91.915535	0.035939	2.557566	95
402409.983126	81.843727	0.035933	2.277658	96
402411.032246	81.452469	0.035938	2.266493	97
402412.083764	74.986656	0.035938	2.086575	98
402413.129764	74.656975	0.035938	2.077383	99
402414.178677	68.025002	0.035937	1.892901	100
402415.194405	84.645538	0.035939	2.355232	101
402416.242823	80.222183	0.035931	2.232644	102
402417.290631	76.393066	0.035932	2.126033	103
402418.342584	75.517082	0.035939	2.101242	104
402419.355787	89.478409	0.035940	2.489652	105
402420.437553	67.408287	0.035933	1.875925	106
402421.453625	79.317307	0.035944	2.206693	107
402422.501006	79.562973	0.035939	2.213860	108
402423.518661	91.083794	0.035937	2.534544	109
402424.598680	72.908997	0.035936	2.028872	110
402425.614692	84.526642	0.035931	2.352450	111
402426.696316	66.817078	0.035940	1.859149	112
402427.711720	77.970329	0.035943	2.169286	113
402428.760289	77.607170	0.035940	2.159349	114
402429.779787	87.947922	0.035934	2.447500	115
402430.857880	98.747307	0.035931	2.748220	116
402431.871892	84.038338	0.035939	2.338352	117
402432.921978	78.265068	0.035940	2.177665	118
402433.972027	76.610085	0.035940	2.131620	119
402435.019426	71.528267	0.035937	1.990379	120
402436.035149	89.038246	0.035932	2.477955	121
402437.085129	78.257118	0.035933	2.177849	122
402438.131648	83.987389	0.035937	2.337087	123
402439.179578	72.449791	0.035937	2.016043	124
402440.229724	76.227631	0.035937	2.121136	125
402441.243785	84.632751	0.035936	2.355105	126
402442.295772	86.545486	0.035940	2.408063	127
402443.342307	74.220154	0.035930	2.065670	128
402444.390466	83.781082	0.035939	2.331180	129
402445.439050	66.547752	0.035942	1.851515	130
402446.487334	75.374748	0.035934	2.097612	131
402447.505109	80.012291	0.035939	2.226360	132
402448.553712	84.942322	0.035935	2.363772	133
