time (s)	coil I (A)	last det (V)	int current (uC)
405871.364995	3.264099	262.207031	-30.957031
405871.366997	3.267249	262.207031	-30.957031
405871.368997	3.267423	262.207031	-30.957031
405871.370998	3.267004	262.207031	-30.957031
405871.376996	3.267019	35.937210	0.205946
405872.381076	2.263415	50.097656	-234.570312
405872.385077	3.267176	50.097656	-234.570312
405872.387082	3.267124	50.097656	-234.570312
405872.389086	3.266879	35.935669	0.236426
405873.463132	3.265968	262.988281	-32.324219
405873.465135	3.267262	262.988281	-32.324219
405873.467135	3.266989	262.988281	-32.324219
405873.469134	3.266781	35.934589	0.154183
405874.445679	3.265530	57.617187	-213.378906
405874.447679	3.267385	57.617187	-213.378906
405874.449680	3.267304	57.617187	-213.378906
405874.451679	3.267033	35.937363	0.262531
405875.527695	3.266534	270.019531	-35.058594
405875.529698	3.267642	270.019531	-35.058594
405875.531699	3.267257	270.019531	-35.058594
405875.533697	3.267106	35.938160	0.204740
405876.545790	3.267591	56.835937	-235.839844
405876.547792	3.267148	56.835937	-235.839844
405876.551790	3.267134	35.938480	0.258357
405877.623810	3.264218	264.257812	-33.300781
405877.625816	3.267053	264.257812	-33.300781
405877.627822	3.267087	264.257812	-33.300781
405877.629821	3.266861	35.935474	0.176894
405878.639834	3.265253	60.058594	-229.296875
405878.641836	3.267454	60.058594	-229.296875
405878.643835	3.267485	60.058594	-229.296875
405878.645837	3.267147	35.938614	0.254285
405879.721877	3.266266	256.835937	-31.250000
405879.723879	3.267451	256.835937	-31.250000
405879.725880	3.267118	256.835937	-31.250000
405879.727880	3.266940	35.936344	0.156685
405880.739930	3.267221	54.296875	-265.820312
405880.741932	3.266931	54.296875	-265.820312
405880.743932	3.266793	35.934723	0.224686
405881.788429	3.267505	261.132812	-32.714844
405881.790432	3.267234	261.132812	-32.714844
405881.792430	3.267086	35.937950	0.200859
405882.802458	3.266697	61.914062	-227.441406
405882.804459	3.267253	61.914062	-227.441406
405882.806458	3.266981	61.914062	-227.441406
405882.808457	3.266824	35.935066	0.264177
405883.883400	3.266124	262.500000	-33.203125
405883.885404	3.267343	262.500000	-33.203125
405883.887404	3.266974	262.500000	-33.203125
405883.889402	3.266815	35.934971	0.190078
405884.901943	3.266819	58.789062	-249.023437
405884.903946	3.266923	58.789062	-249.023437
405884.905944	3.266854	35.935394	0.365607
405885.980028	3.265073	252.929687	-29.980469
405885.984027	3.266945	252.929687	-29.980469
405885.986029	3.266853	252.929687	-29.980469
405885.988031	3.266762	35.934383	0.144525
405886.998111	3.267238	54.101562	-274.609375
405887.000113	3.266966	54.101562	-274.609375
405887.002113	3.266864	35.935501	0.230426
405888.046147	3.267071	265.332031	-33.593750
405888.048149	3.267127	265.332031	-33.593750
405888.050148	3.266866	35.935528	0.220297
405889.063156	3.267309	55.468750	-259.277344
405889.065156	3.266856	55.468750	-259.277344
405889.067157	3.266770	35.934467	0.267448
405890.141670	3.265828	261.132812	-32.226562
405890.143669	3.267483	261.132812	-32.226562
405890.145669	3.267276	261.132812	-32.226562
405890.147671	3.267087	35.937958	0.209667
405891.157657	3.265982	54.785156	-263.867187
405891.159658	3.267427	54.785156	-263.867187
405891.161659	3.267164	54.785156	-263.867187
405891.165657	3.266907	35.935978	0.285861
405892.243661	3.266794	253.125000	-30.078125
405892.247662	3.266628	35.932907	0.153396
405893.224215	3.267520	53.906250	-249.218750
405893.226217	3.267134	53.906250	-249.218750
405893.228217	3.267006	35.937061	0.250060
405894.338761	3.267499	247.363281	-27.441406
405894.340765	3.267117	247.363281	-27.441406
405894.342765	3.267047	35.937523	0.159087
405895.319752	3.266831	49.902344	-256.250000
405895.321753	3.267789	49.902344	-256.250000
405895.323754	3.267349	49.902344	-256.250000
405895.325752	3.267237	35.939606	0.263925
405896.401808	3.267024	247.167969	-25.292969
405896.403810	3.267272	247.167969	-25.292969
405896.405809	3.266966	247.167969	-25.292969
405896.407810	3.266842	35.935265	0.214326
405897.415824	3.265008	48.046875	-246.289062
405897.417826	3.267225	48.046875	-246.289062
405897.419826	3.267238	48.046875	-246.289062
405897.421827	3.266944	35.936382	0.239832
405898.499858	3.267599	241.113281	-21.093750
405898.501859	3.267312	241.113281	-21.093750
405898.503860	3.267225	35.939472	0.202873
405899.480398	3.265471	49.804687	-216.406250
405899.482400	3.267684	49.804687	-216.406250
405899.484400	3.267533	49.804687	-216.406250
405899.486400	3.267317	35.940483	0.266964
405900.562408	3.266522	241.406250	-18.750000
405900.564409	3.267246	241.406250	-18.750000
405900.566409	3.267102	241.406250	-18.750000
405900.568409	3.266827	35.935097	0.243695
405901.612450	3.267318	47.558594	-232.910156
405901.614449	3.267107	47.558594	-232.910156
405901.618449	3.266964	35.936607	0.193330
405902.660473	3.267531	235.156250	-14.941406
405902.662474	3.267696	235.156250	-14.941406
405902.664476	3.267372	235.156250	-14.941406
405902.666475	3.267314	35.940456	0.220152
405903.707418	3.265686	51.855469	-241.406250
405903.709419	3.267378	51.855469	-241.406250
405903.711419	3.267329	51.855469	-241.406250
405903.713420	3.267093	35.938019	0.167987
405904.723497	3.265832	238.574219	-15.136719
405904.725500	3.267624	238.574219	-15.136719
405904.727501	3.267321	238.574219	-15.136719
405904.729499	3.267138	35.938522	0.278932
405905.773522	3.267162	63.476562	-212.792969
405905.775523	3.267390	63.476562	-212.792969
405905.777524	3.266953	63.476562	-212.792969
405905.779522	3.266907	35.935978	0.215345
405906.787575	3.265062	244.531250	-16.699219
405906.789575	3.267334	244.531250	-16.699219
405906.791575	3.267182	244.531250	-16.699219
405906.793576	3.267016	35.937180	0.285194
405907.871631	2.975761	67.675781	-229.492187
405907.873631	3.267043	67.675781	-229.492187
405907.875632	3.266857	35.935425	0.224191
405908.886224	3.267258	240.917969	-15.820312
405908.888224	3.267633	240.917969	-15.820312
405908.890224	3.267265	240.917969	-15.820312
405908.892225	3.267216	35.939377	0.422925
405909.966247	3.265774	64.550781	-262.890625
405909.968250	3.267504	64.550781	-262.890625
405909.970249	3.267320	64.550781	-262.890625
405909.974247	3.267100	35.938099	0.199818
405910.952315	3.267161	249.414062	-18.457031
405910.954316	3.266877	249.414062	-18.457031
405910.956317	3.266834	35.935173	0.289065
405912.066414	3.267497	64.453125	-269.824219
405912.068417	3.267094	64.453125	-269.824219
405912.070418	3.267082	35.937904	0.188911
405913.046426	3.265516	247.167969	-19.042969
405913.048429	3.267707	247.167969	-19.042969
405913.050430	3.267389	247.167969	-19.042969
405913.052427	3.267301	35.940315	0.269789
405914.128438	3.266289	63.671875	-274.804687
405914.130438	3.267138	63.671875	-274.804687
405914.132438	3.266840	63.671875	-274.804687
405914.134438	3.266803	35.934830	0.238998
405915.146517	3.267407	239.843750	-18.164062
405915.148517	3.267097	239.843750	-18.164062
405915.150518	3.267031	35.937340	0.264140
405916.227046	3.267334	64.746094	-276.074219
405916.229046	3.267099	64.746094	-276.074219
405916.231046	3.267106	35.938168	0.202076
405917.242019	3.267246	244.238281	-18.652344
405917.244025	3.267528	244.238281	-18.652344
405917.246026	3.267147	244.238281	-18.652344
405917.248027	3.267080	35.937878	0.229535
405918.324079	3.267620	62.890625	-285.937500
405918.328081	3.267294	62.890625	-285.937500
405918.330085	3.267264	35.939907	0.202232
405919.306149	3.266512	249.023437	-18.457031
405919.308152	3.267136	249.023437	-18.457031
405919.310150	3.266768	249.023437	-18.457031
405919.312152	3.266682	35.933498	0.284230
405920.386682	3.265902	65.234375	-276.660156
405920.388683	3.267380	65.234375	-276.660156
405920.390682	3.267187	65.234375	-276.660156
405920.392683	3.267018	35.937195	0.233505
405921.404684	3.267329	239.160156	-15.234375
405921.406687	3.267010	239.160156	-15.234375
405921.408686	3.266760	35.934357	0.266116
405922.483195	3.263887	65.722656	-269.628906
405922.487197	3.266963	65.722656	-269.628906
405922.489198	3.266678	65.722656	-269.628906
405922.491197	3.266694	35.933632	0.210886
405923.501242	3.267493	232.128906	-12.695312
405923.503248	3.267498	232.128906	-12.695312
405923.505256	3.267155	35.938702	0.252079
405924.581822	3.266605	62.109375	-275.000000
405924.583825	3.267271	62.109375	-275.000000
405924.585827	3.266849	62.109375	-275.000000
405924.587824	3.266709	35.933800	0.170484
405925.564359	3.266177	234.082031	-12.304687
405925.566361	3.267239	234.082031	-12.304687
405925.568360	3.266881	234.082031	-12.304687
405925.570360	3.266798	35.934776	0.293902
405926.646440	3.267245	60.644531	-259.179687
405926.648441	3.267654	60.644531	-259.179687
405926.650441	3.267251	60.644531	-259.179687
405926.652440	3.267226	35.939491	0.366110
405927.663122	3.220955	231.152344	-11.328125
405927.665123	3.267156	231.152344	-11.328125
405927.667123	3.267027	35.937302	0.300568
405928.743676	3.267288	50.292969	-278.906250
405928.745678	3.267471	50.292969	-278.906250
405928.747678	3.267228	50.292969	-278.906250
405928.749677	3.267226	35.939491	0.177209
405929.760253	3.267416	228.906250	-11.816406
405929.762254	3.267129	228.906250	-11.816406
405929.764255	3.267006	35.937061	0.282119
405930.808816	3.267607	45.410156	-282.226562
405930.810818	3.267484	45.410156	-282.226562
405930.812817	3.267168	35.938850	0.221175
405931.854864	3.264427	224.316406	-12.109375
405931.856871	3.267010	224.316406	-12.109375
405931.858871	3.267032	224.316406	-12.109375
405931.860872	3.266817	35.934990	0.249845
405932.870888	3.265146	46.972656	-276.074219
405932.872891	3.267426	46.972656	-276.074219
405932.874888	3.267331	46.972656	-276.074219
405932.876887	3.267072	35.937798	0.266484
405933.952987	3.266191	222.656250	-13.964844
405933.954990	3.267317	222.656250	-13.964844
405933.956990	3.266948	222.656250	-13.964844
405933.958992	3.266844	35.935280	0.226648
405934.969063	3.266475	38.964844	-320.605469
405934.971064	3.267263	38.964844	-320.605469
405934.973064	3.266885	38.964844	-320.605469
405934.975064	3.266822	35.935040	0.241943
405936.049150	3.264088	220.507812	-16.113281
405936.051160	3.266977	220.507812	-16.113281
405936.053160	3.267048	220.507812	-16.113281
405936.055160	3.266779	35.934570	0.218299
405937.033174	3.266201	49.707031	-287.792969
405937.037175	3.267089	49.707031	-287.792969
405937.039176	3.266861	49.707031	-287.792969
405937.041178	3.266866	35.935528	0.279812
405938.115215	3.266994	234.082031	-21.093750
405938.117215	3.267311	234.082031	-21.093750
405938.119217	3.267044	234.082031	-21.093750
405938.121216	3.266948	35.936424	0.267273
405939.131773	3.267645	47.167969	-311.425781
405939.133775	3.267449	47.167969	-311.425781
405939.135775	3.267226	35.939491	0.272099
405940.212379	3.266972	229.394531	-20.507812
405940.214381	3.267291	229.394531	-20.507812
405940.216381	3.267015	229.394531	-20.507812
405940.218383	3.266888	35.935768	0.240558
405941.226941	3.265200	43.359375	-337.011719
405941.228942	3.267069	43.359375	-337.011719
405941.230945	3.266968	43.359375	-337.011719
405941.232944	3.266938	35.936317	0.266177
405942.308983	3.266301	221.386719	-18.945312
405942.310987	3.267060	221.386719	-18.945312
405942.312989	3.266805	221.386719	-18.945312
405942.314987	3.266605	35.932655	0.190494
405943.325032	3.266948	41.308594	-349.218750
405943.327034	3.267647	41.308594	-349.218750
405943.329034	3.267259	41.308594	-349.218750
405943.331034	3.267214	35.939358	0.238536
405944.373097	3.266079	230.175781	-21.093750
405944.375099	3.267401	230.175781	-21.093750
405944.377099	3.267019	230.175781	-21.093750
405944.379099	3.266936	35.936298	0.254700
405945.391132	3.267210	43.457031	-341.601562
405945.393133	3.267208	43.457031	-341.601562
405945.395134	3.266805	35.934853	0.270255
405946.469205	3.263940	223.828125	-19.824219
405946.471208	3.267081	223.828125	-19.824219
405946.473206	3.267174	223.828125	-19.824219
405946.475207	3.266940	223.828125	-19.824219
405946.477207	3.266862	35.935482	0.231847
405947.485252	3.264743	40.332031	-353.027344
405947.487254	3.267291	40.332031	-353.027344
405947.489256	3.267342	40.332031	-353.027344
405947.491254	3.267051	35.937557	0.276044
405948.567341	3.265983	221.289062	-18.261719
405948.569343	3.267156	221.289062	-18.261719
405948.571342	3.266959	221.289062	-18.261719
405948.573344	3.266718	35.933899	0.187866
405949.549934	3.264844	45.019531	-333.691406
405949.551937	3.267164	45.019531	-333.691406
405949.553938	3.267085	45.019531	-333.691406
405949.555937	3.266739	35.934128	0.279343
405950.663976	3.265515	217.773437	-17.187500
405950.665978	3.267617	217.773437	-17.187500
405950.667978	3.267575	217.773437	-17.187500
405950.669977	3.267279	35.940063	0.170957
405951.648010	3.266444	41.992187	-339.746094
405951.650011	3.267263	41.992187	-339.746094
405951.652012	3.266837	41.992187	-339.746094
405951.654013	3.266761	35.934368	0.261696
405952.728054	3.264013	222.167969	-16.308594
405952.730062	3.267013	222.167969	-16.308594
405952.732064	3.267069	222.167969	-16.308594
405952.734063	3.266815	35.934971	0.241502
405953.744667	3.266296	42.089844	-333.593750
405953.746668	3.267711	42.089844	-333.593750
405953.748668	3.267422	42.089844	-333.593750
405953.752668	3.267263	35.939888	0.261535
405954.828674	3.267750	211.035156	-12.402344
405954.830677	3.267402	211.035156	-12.402344
405954.832678	3.267341	35.940746	0.190806
405955.809242	3.266529	42.089844	-321.093750
405955.811243	3.267430	42.089844	-321.093750
405955.813242	3.267122	42.089844	-321.093750
405955.815245	3.267057	35.937630	0.285258
405956.891279	3.266623	213.671875	-10.546875
405956.893281	3.266574	213.671875	-10.546875
405956.895281	3.266675	213.671875	-10.546875
405956.897281	3.266580	35.932384	0.367351
405957.905340	3.264216	40.527344	-319.335937
405957.907341	3.267028	40.527344	-319.335937
405957.909340	3.267248	40.527344	-319.335937
405957.911341	3.266877	40.527344	-319.335937
405957.913341	3.266845	35.935291	0.257640
405958.987406	3.265798	208.105469	-7.031250
405958.989407	3.267324	208.105469	-7.031250
405958.991408	3.267019	208.105469	-7.031250
405958.993408	3.266888	35.935768	0.223838
405960.003409	3.266134	41.406250	-319.824219
405960.005407	3.267264	41.406250	-319.824219
405960.007410	3.266897	41.406250	-319.824219
405960.009409	3.266817	35.934990	0.236635
405961.053535	3.266999	209.375000	-6.250000
405961.055538	3.266868	209.375000	-6.250000
405961.057538	3.266645	35.933098	0.276786
405962.102134	3.267389	45.507812	-320.117187
405962.104135	3.267210	45.507812	-320.117187
405962.106136	3.267008	35.937088	0.211790
405963.150213	3.267102	202.441406	-4.101562
405963.152215	3.267205	202.441406	-4.101562
405963.156215	3.266816	202.441406	-4.101562
405963.158215	3.266865	35.935509	0.241657
405964.199230	3.267075	53.515625	-311.328125
405964.201232	3.266989	53.515625	-311.328125
405964.203232	3.266684	35.933525	0.223896
405965.217849	3.266796	202.246094	-4.101562
405965.219852	3.266843	202.246094	-4.101562
405965.221852	3.266832	35.935158	0.275799
405966.295978	3.267184	55.371094	-326.660156
405966.297980	3.267407	55.371094	-326.660156
405966.299979	3.267085	55.371094	-326.660156
405966.301978	3.266956	35.936512	0.205384
405967.312096	3.170319	198.437500	-4.492187
405967.314096	3.267202	198.437500	-4.492187
405967.316098	3.267121	35.938328	0.247324
405968.392157	3.266102	55.175781	-335.839844
405968.394158	3.267225	55.175781	-335.839844
405968.396160	3.266848	55.175781	-335.839844
405968.398158	3.266753	35.934280	0.173191
405969.374202	3.264366	213.378906	-7.812500
405969.376215	3.267045	213.378906	-7.812500
405969.378216	3.267080	213.378906	-7.812500
405969.380216	3.266857	213.378906	-7.812500
405969.382215	3.266814	35.934952	0.277197
405970.460253	3.266996	56.933594	-332.617187
405970.462253	3.266798	35.934784	0.226377
405971.472294	3.266560	207.519531	-7.421875
405971.474298	3.267691	207.519531	-7.421875
405971.476296	3.267335	207.519531	-7.421875
405971.478296	3.267354	35.940899	0.248745
405972.554328	3.267180	54.394531	-341.699219
405972.556331	3.267238	54.394531	-341.699219
405972.560329	3.267269	54.394531	-341.699219
405972.562331	3.267179	35.938965	0.299785
405973.570391	3.267361	206.933594	-7.910156
405973.572400	3.267576	206.933594	-7.910156
405973.574398	3.267332	206.933594	-7.910156
405973.576398	3.267217	35.939392	0.236048
405974.650924	3.266180	49.902344	-354.785156
405974.652926	3.267157	49.902344	-354.785156
405974.654925	3.266818	49.902344	-354.785156
405974.656927	3.266782	35.934597	0.185852
405975.632986	3.264790	208.691406	-8.593750
405975.634987	3.267118	208.691406	-8.593750
405975.636987	3.267071	208.691406	-8.593750
405975.638987	3.266819	35.935013	0.277934
405976.715054	3.266119	56.445312	-335.351562
405976.717058	3.267528	56.445312	-335.351562
405976.719058	3.267198	56.445312	-335.351562
405976.721056	3.267006	35.937061	0.230522
405977.733125	3.267298	209.179687	-7.324219
405977.735125	3.266897	209.179687	-7.324219
405977.737129	3.266766	35.934422	0.242883
405978.812056	3.265803	55.175781	-339.843750
405978.814057	3.267423	55.175781	-339.843750
405978.816058	3.267191	55.175781	-339.843750
405978.818057	3.266867	35.935539	0.208205
405979.794599	3.265005	208.789062	-6.347656
405979.796601	3.267373	208.789062	-6.347656
405979.798601	3.267421	208.789062	-6.347656
405979.800602	3.267105	35.938152	0.303531
405980.912658	3.267529	53.125000	-344.921875
405980.914661	3.267493	53.125000	-344.921875
405980.916662	3.267217	35.939384	0.609821
405981.891609	3.264246	201.562500	-4.199219
405981.893613	3.266920	201.562500	-4.199219
405981.895612	3.267089	201.562500	-4.199219
405981.897611	3.266732	35.934055	0.267812
405982.973670	3.265682	54.394531	-331.250000
405982.977670	3.266767	54.394531	-331.250000
405982.979672	3.266625	54.394531	-331.250000
405982.981673	3.266604	35.932648	0.225779
405983.990280	3.267019	197.558594	-3.027344
405983.992281	3.267442	197.558594	-3.027344
405983.994282	3.267099	197.558594	-3.027344
405983.996282	3.266971	35.936680	0.292252
405985.071213	3.266362	47.167969	-344.433594
405985.073215	3.267231	47.167969	-344.433594
405985.075215	3.266867	47.167969	-344.433594
405985.077215	3.266736	35.934093	0.192646
405986.089264	3.267176	188.867187	-1.074219
405986.091268	3.266796	188.867187	-1.074219
405986.093266	3.266682	35.933498	0.250817
405987.135308	3.266580	43.164062	-340.917969
405987.139308	3.267472	43.164062	-340.917969
405987.141309	3.267322	43.164062	-340.917969
405987.143309	3.267266	35.939922	0.215857
405988.183372	3.264804	191.308594	-1.367187
405988.185373	3.267035	191.308594	-1.367187
405988.187374	3.267002	191.308594	-1.367187
405988.191373	3.266661	35.933266	0.218508
405989.201410	3.267614	43.554687	-327.832031
405989.203412	3.267342	43.554687	-327.832031
405989.205413	3.267234	35.939571	0.255553
405990.279948	3.263670	186.328125	-0.976562
405990.281951	3.266994	186.328125	-0.976562
405990.283951	3.267267	186.328125	-0.976562
405990.285952	3.266927	186.328125	-0.976562
405990.287950	3.266895	35.935848	0.205967
405991.298004	3.267253	35.546875	-355.664062
405991.300007	3.267391	35.546875	-355.664062
405991.302007	3.267072	35.937790	0.227058
405992.344970	3.265177	201.464844	-5.371094
405992.346971	3.267175	201.464844	-5.371094
405992.352970	3.266799	201.464844	-5.371094
405992.354974	3.266757	35.934334	0.283277
405993.361483	3.266551	34.863281	-365.234375
405993.367483	3.267150	34.863281	-365.234375
405993.369485	3.266973	34.863281	-365.234375
405993.373484	3.267076	35.937843	0.290550
405994.443525	3.266753	197.949219	-6.445312
405994.445524	3.266984	197.949219	-6.445312
405994.447525	3.266722	197.949219	-6.445312
405994.449526	3.266662	35.933277	0.413031
405995.457594	3.264822	34.472656	-370.703125
405995.459594	3.267280	34.472656	-370.703125
405995.461592	3.267491	34.472656	-370.703125
405995.463592	3.267057	35.937630	0.222230
405996.540547	3.266735	196.582031	-7.714844
405996.542549	3.267208	196.582031	-7.714844
405996.544550	3.266801	196.582031	-7.714844
405996.546549	3.266722	35.933941	0.342027
405997.555495	3.266480	29.980469	-389.062500
405997.557498	3.267720	29.980469	-389.062500
405997.559498	3.267405	29.980469	-389.062500
405997.561496	3.267288	35.940174	0.242739
405998.604064	3.266325	200.585937	-9.472656
405998.606063	3.267693	200.585937	-9.472656
405998.608063	3.267424	200.585937	-9.472656
405998.610065	3.267253	35.939781	0.263653
405999.620100	3.266095	31.738281	-386.328125
405999.622099	3.267369	31.738281	-386.328125
405999.624099	3.266921	31.738281	-386.328125
405999.626100	3.266909	35.935997	0.285643
406000.700168	3.263318	197.070312	-9.570312
406000.702170	3.266697	197.070312	-9.570312
406000.704170	3.267062	197.070312	-9.570312
406000.706171	3.266644	197.070312	-9.570312
406000.708172	3.266587	35.932461	0.224081
406001.716219	3.264223	33.593750	-381.933594
406001.718226	3.267157	33.593750	-381.933594
406001.720232	3.267243	33.593750	-381.933594
406001.722233	3.266892	35.935810	0.227977
406002.798810	3.266429	194.238281	-8.691406
406002.800812	3.267301	194.238281	-8.691406
406002.802812	3.266939	194.238281	-8.691406
406002.804811	3.266708	35.933792	0.216265
406003.814867	3.266676	25.976562	-402.050781
406003.816870	3.267127	25.976562	-402.050781
406003.818870	3.266917	25.976562	-402.050781
406003.820868	3.266798	35.934776	0.236278
406004.862903	3.266335	203.417969	-9.765625
406004.864904	3.267450	203.417969	-9.765625
406004.866904	3.267173	203.417969	-9.765625
406004.868905	3.266953	35.936485	0.248460
406005.878921	3.266454	33.007812	-382.617187
406005.880923	3.267244	33.007812	-382.617187
406005.882922	3.266853	33.007812	-382.617187
406005.884922	3.266734	35.934074	0.256787
406006.958944	3.264073	197.070312	-7.910156
406006.962944	3.267495	197.070312	-7.910156
406006.964945	3.267116	197.070312	-7.910156
406006.966945	3.267065	35.937717	0.228445
406007.974978	3.264669	32.031250	-383.007812
406007.976977	3.267360	32.031250	-383.007812
406007.978979	3.267390	32.031250	-383.007812
406007.980980	3.266997	35.936966	0.233343
406009.057545	3.266627	189.453125	-4.589844
406009.059547	3.267247	189.453125	-4.589844
406009.061547	3.266846	189.453125	-4.589844
406009.063547	3.266807	35.934872	0.200861
406010.041613	3.267128	33.984375	-372.363281
406010.043616	3.267040	33.984375	-372.363281
406010.045616	3.266844	35.935280	0.297174
406011.121728	3.266665	188.378906	-2.636719
406011.123730	3.267590	188.378906	-2.636719
406011.125729	3.267291	188.378906	-2.636719
406011.127729	3.267217	35.939384	0.231836
406012.137805	3.266946	30.664062	-375.976562
406012.139809	3.267608	30.664062	-375.976562
406012.141808	3.267182	30.664062	-375.976562
406012.143807	3.267067	35.937737	0.241649
406013.219900	3.267055	185.253906	0.292969
406013.221901	3.267048	185.253906	0.292969
406013.223903	3.266767	35.934441	0.232874
406014.233883	3.265030	31.250000	-374.609375
406014.235885	3.267331	31.250000	-374.609375
406014.237884	3.267203	31.250000	-374.609375
406014.239885	3.267002	35.937027	0.243810
406015.281888	3.263453	181.640625	2.343750
406015.283887	3.266914	181.640625	2.343750
406015.285888	3.267240	181.640625	2.343750
406015.287892	3.266907	181.640625	2.343750
406015.289898	3.266888	35.935768	0.281990
406016.331929	3.266658	36.328125	-365.527344
406016.333931	3.267724	36.328125	-365.527344
406016.335931	3.267280	36.328125	-365.527344
406016.337932	3.267147	35.938614	0.197218
406017.379934	3.265913	177.734375	3.515625
406017.381938	3.267524	177.734375	3.515625
406017.383937	3.267301	177.734375	3.515625
406017.385936	3.267053	35.937584	0.227553
406018.428482	3.265797	41.992187	-362.304687
406018.430484	3.267412	41.992187	-362.304687
406018.432485	3.267197	41.992187	-362.304687
406018.434484	3.267015	35.937168	0.202208
406019.445049	3.266884	181.542969	2.734375
406019.447050	3.267666	181.542969	2.734375
406019.449049	3.267259	181.542969	2.734375
406019.451050	3.267172	35.938889	0.259890
406020.527074	3.267255	45.214844	-365.625000
406020.529078	3.267338	45.214844	-365.625000
406020.531079	3.267018	45.214844	-365.625000
406020.533079	3.267006	35.937069	0.546563
406021.541653	3.265852	179.882812	2.050781
406021.543655	3.267123	179.882812	2.050781
406021.545655	3.267153	179.882812	2.050781
406021.547657	3.266663	35.933296	0.230797
406022.589680	3.264791	52.246094	-352.832031
406022.591682	3.267047	52.246094	-352.832031
406022.593683	3.267011	52.246094	-352.832031
406022.595681	3.266749	35.934235	0.255777
406023.605746	3.265773	185.937500	0.585937
406023.607747	3.267251	185.937500	0.585937
406023.609745	3.267006	185.937500	0.585937
406023.611748	3.266754	35.934296	0.282747
406024.687754	3.267007	48.925781	-363.476562
406024.689755	3.267752	48.925781	-363.476562
406024.691755	3.267451	48.925781	-363.476562
406024.693754	3.267380	35.941181	0.200189
406025.705811	3.267446	177.734375	0.683594
406025.707812	3.267049	177.734375	0.683594
406025.709813	3.266930	35.936230	0.216872
406026.785847	3.267058	48.242187	-366.894531
406026.787850	3.267018	48.242187	-366.894531
406026.789849	3.266858	35.935440	0.207494
406027.767864	3.266432	189.550781	-1.367187
406027.769868	3.267443	189.550781	-1.367187
406027.771868	3.267101	189.550781	-1.367187
406027.773868	3.267005	35.937054	0.277366
406028.847945	3.263471	50.000000	-363.867187
406028.849952	3.266861	50.000000	-363.867187
406028.851956	3.267196	50.000000	-363.867187
406028.853955	3.266791	50.000000	-363.867187
406028.855957	3.266772	35.934494	0.257773
406029.863967	3.264218	184.863281	-1.269531
406029.865976	3.267089	184.863281	-1.269531
406029.869980	3.266948	184.863281	-1.269531
406029.871981	3.266873	35.935600	0.270620
406030.948055	3.267722	48.535156	-366.894531
406030.950057	3.267399	48.535156	-366.894531
406030.952055	3.267310	35.940411	0.201759
406031.961007	3.264344	178.808594	0.390625
406031.965009	3.267431	178.808594	0.390625
406031.967011	3.267007	178.808594	0.390625
406031.969016	3.267000	35.937000	0.224772
406033.011066	3.266633	55.664062	-353.222656
406033.013067	3.267211	55.664062	-353.222656
406033.015066	3.266862	55.664062	-353.222656
406033.017067	3.266736	35.934093	0.290425
406034.027083	3.266940	189.843750	-0.390625
406034.029085	3.267437	189.843750	-0.390625
406034.033083	3.267072	189.843750	-0.390625
406034.035085	3.266966	35.936626	0.363960
406035.108031	3.266567	49.902344	-364.550781
406035.110030	3.267155	49.902344	-364.550781
406035.112031	3.266893	49.902344	-364.550781
406035.114031	3.266771	35.934483	0.212693
406036.126118	3.267059	179.101562	2.441406
406036.128118	3.266705	179.101562	2.441406
406036.130118	3.266642	35.933067	0.235008
406037.206682	3.267432	46.386719	-372.753906
406037.210681	3.266970	46.386719	-372.753906
406037.212683	3.267020	35.937222	0.218259
406038.220725	3.266231	171.875000	4.101562
406038.222725	3.267131	171.875000	4.101562
406038.224727	3.266843	171.875000	4.101562
406038.226725	3.266694	35.933632	0.244453
406039.270780	3.267241	51.171875	-353.710937
406039.272781	3.267228	51.171875	-353.710937
406039.274782	3.266922	35.936138	0.244026
406040.285346	3.266546	183.886719	3.417969
406040.287348	3.267447	183.886719	3.417969
406040.289349	3.267172	183.886719	3.417969
406040.291348	3.267045	35.937496	0.286931
406041.365387	3.263865	39.062500	-377.539062
406041.367391	3.266866	39.062500	-377.539062
406041.369389	3.267092	39.062500	-377.539062
406041.371391	3.266773	39.062500	-377.539062
406041.373389	3.266707	35.933781	0.221320
406042.385457	3.267263	171.972656	5.468750
406042.387458	3.266967	35.936638	0.286114
406043.432023	3.267666	39.550781	-365.234375
406043.434025	3.267682	39.550781	-365.234375
406043.436024	3.267478	35.942265	0.242170
406044.478995	3.265668	175.000000	4.296875
406044.480997	3.267376	175.000000	4.296875
406044.484997	3.266953	175.000000	4.296875
406044.486998	3.266998	35.936981	0.239747
406045.529106	3.267384	27.929687	-391.992187
406045.531109	3.267316	27.929687	-391.992187
406045.533109	3.267092	35.938011	0.209872
406046.577657	3.267158	174.511719	4.003906
406046.579658	3.267419	174.511719	4.003906
406046.581658	3.266937	35.936310	0.248531
406047.592264	3.266402	33.593750	-379.687500
406047.594267	3.267617	33.593750	-379.687500
406047.596266	3.267273	33.593750	-379.687500
406047.598266	3.267087	35.937958	0.271731
406048.674291	3.266925	171.875000	2.050781
406048.676290	3.267524	171.875000	2.050781
406048.678290	3.267176	171.875000	2.050781
406048.680289	3.267045	35.937496	0.207714
406049.692864	3.267088	20.214844	-413.281250
406049.694868	3.266851	35.935360	0.206200
406050.770907	3.266156	171.582031	1.171875
406050.772909	3.267205	171.582031	1.171875
406050.774909	3.266894	171.582031	1.171875
406050.776908	3.266722	35.933941	0.204900
406051.753483	3.265412	27.441406	-401.171875
406051.755483	3.267079	27.441406	-401.171875
406051.757484	3.266963	27.441406	-401.171875
406051.759486	3.266741	35.934155	0.262162
406052.839516	3.267155	177.539062	-0.683594
406052.843517	3.266991	177.539062	-0.683594
406052.845518	3.267010	35.937107	0.248224
406053.855615	3.267436	25.195312	-408.203125
406053.857618	3.267304	25.195312	-408.203125
406053.859616	3.267285	35.940136	0.256256
406054.932166	3.266199	178.320312	-0.976562
406054.934167	3.267498	178.320312	-0.976562
406054.936168	3.267212	178.320312	-0.976562
406054.938167	3.267074	35.937817	0.190834
406055.952244	3.267358	17.675781	-423.828125
406055.954245	3.267239	35.939632	0.200282
406057.002346	3.266898	184.472656	-2.148437
406057.004347	3.266870	35.935566	0.265663
406058.014904	3.267823	28.222656	-401.757812
406058.016906	3.267357	28.222656	-401.757812
406058.018905	3.267218	35.939404	0.276272
406059.092904	3.263985	175.292969	0.000000
406059.094906	3.267027	175.292969	0.000000
406059.096906	3.267427	175.292969	0.000000
406059.098907	3.266944	175.292969	0.000000
406059.100906	3.266908	35.935989	0.216812
406060.108983	3.264856	24.414062	-407.226562
406060.110983	3.267470	24.414062	-407.226562
406060.112983	3.267376	24.414062	-407.226562
406060.114983	3.267113	35.938240	0.236972
406061.191001	3.265825	169.726562	1.855469
406061.193002	3.267085	169.726562	1.855469
406061.195003	3.266711	169.726562	1.855469
406061.197001	3.266595	35.932541	0.209643
406062.209045	3.267056	21.582031	-411.914062
406062.211046	3.266723	21.582031	-411.914062
406062.213046	3.266576	35.932339	0.214878
406063.255616	3.266604	178.613281	2.148437
406063.257617	3.267713	178.613281	2.148437
406063.259617	3.267285	178.613281	2.148437
406063.261616	3.267214	35.939358	0.267320
406064.273695	3.267271	24.023437	-404.785156
406064.277694	3.266853	24.023437	-404.785156
406064.279696	3.266788	35.934669	0.280634
406065.351709	3.264758	168.261719	5.273437
406065.353715	3.267505	168.261719	5.273437
406065.355713	3.267546	168.261719	5.273437
406065.357713	3.267204	35.939243	0.193589
406066.368687	3.266936	27.148437	-394.140625
406066.370688	3.267620	27.148437	-394.140625
406066.372687	3.267255	27.148437	-394.140625
406066.374688	3.267144	35.938587	0.202397
406067.416712	3.266193	171.777344	6.640625
406067.418715	3.267495	171.777344	6.640625
406067.422714	3.267050	171.777344	6.640625
406067.424714	3.266997	35.936966	0.274115
406068.465656	3.265955	27.832031	-399.023437
406068.467659	3.267371	27.832031	-399.023437
406068.469658	3.267004	27.832031	-399.023437
406068.471661	3.266818	35.934998	0.236943
406069.513711	3.265694	157.617187	8.593750
406069.515713	3.267585	157.617187	8.593750
406069.517713	3.267350	157.617187	8.593750
406069.519712	3.267138	35.938522	0.218456
406070.563750	3.266973	34.472656	-387.402344
406070.565754	3.267044	34.472656	-387.402344
406070.567755	3.266790	34.472656	-387.402344
406070.569755	3.266752	35.934269	0.503542
406071.577827	3.264630	164.355469	8.496094
406071.579827	3.267040	164.355469	8.496094
406071.581829	3.267052	164.355469	8.496094
406071.583831	3.266776	35.934536	0.260552
406072.631897	3.266797	42.187500	-378.027344
406072.633900	3.266737	35.934109	0.385477
406073.675968	3.266335	154.394531	9.179687
406073.679969	3.266912	154.394531	9.179687
406073.681970	3.266725	154.394531	9.179687
406073.683970	3.266814	35.934952	0.213835
406074.724014	3.265788	48.730469	-369.335937
406074.726015	3.267440	48.730469	-369.335937
406074.728017	3.267126	48.730469	-369.335937
406074.730016	3.267031	35.937347	0.233595
406075.738998	3.263736	165.722656	7.421875
406075.741000	3.266925	165.722656	7.421875
406075.744999	3.266900	165.722656	7.421875
406075.747000	3.266906	165.722656	7.421875
406075.749001	3.266829	35.935123	0.251850
406076.823074	3.267554	47.753906	-375.292969
406076.825075	3.267301	47.753906	-375.292969
406076.827075	3.267118	35.938301	0.227231
406077.837602	3.266686	160.742187	7.226562
406077.839605	3.267331	160.742187	7.226562
406077.841605	3.266984	160.742187	7.226562
406077.843603	3.266944	35.936390	0.237230
406078.917670	3.264758	40.917969	-387.695312
406078.921671	3.267465	40.917969	-387.695312
406078.923674	3.267095	40.917969	-387.695312
406078.925673	3.267039	35.937424	0.181747
406079.903720	3.267263	170.898437	5.664062
406079.905724	3.266880	170.898437	5.664062
406079.907721	3.266887	35.935760	0.263882
406080.983771	3.267157	46.191406	-376.855469
406080.987771	3.266957	46.191406	-376.855469
406080.989774	3.266895	46.191406	-376.855469
406080.991774	3.266922	35.936138	0.415755
406081.999831	3.267178	170.996094	5.175781
406082.001833	3.267360	170.996094	5.175781
406082.003833	3.267059	35.937649	0.249013
406083.082796	3.267346	40.820312	-385.742187
406083.084797	3.267035	40.820312	-385.742187
406083.086797	3.266919	35.936104	0.213954
406084.096857	3.266907	165.527344	5.859375
406084.098858	3.267070	165.527344	5.859375
406084.100858	3.266758	165.527344	5.859375
406084.102856	3.266711	35.933819	0.214921
406085.176895	3.265219	36.230469	-392.675781
406085.178898	3.267024	36.230469	-392.675781
406085.180898	3.266752	36.230469	-392.675781
406085.182896	3.266604	35.932640	0.193161
406086.162901	3.267503	165.722656	6.347656
406086.164902	3.267512	165.722656	6.347656
406086.166903	3.267041	35.937450	0.278378
406087.242977	3.267571	42.968750	-383.007812
406087.244978	3.267421	42.968750	-383.007812
406087.246979	3.267223	35.939453	0.247599
406088.257074	3.265606	167.382812	7.617187
406088.259076	3.267489	167.382812	7.617187
406088.261076	3.267519	167.382812	7.617187
406088.263075	3.267071	35.937778	0.246739
406089.339126	3.266475	41.992187	-384.570312
406089.341130	3.267350	41.992187	-384.570312
406089.343127	3.266905	41.992187	-384.570312
406089.345128	3.266909	35.935997	0.194224
406090.355681	3.267164	154.687500	9.863281
406090.357681	3.267251	154.687500	9.863281
406090.359681	3.266922	35.936138	0.215058
406091.403733	3.267101	46.777344	-374.511719
406091.405736	3.267521	46.777344	-374.511719
406091.407734	3.267137	46.777344	-374.511719
406091.409734	3.267163	35.938789	0.240554
406092.418288	3.264904	161.718750	10.058594
406092.420290	3.267106	161.718750	10.058594
406092.422291	3.267110	161.718750	10.058594
406092.424291	3.266816	35.934978	0.264447
406093.500336	3.266068	36.035156	-396.386719
406093.502336	3.267186	36.035156	-396.386719
406093.504337	3.266862	36.035156	-396.386719
406093.506337	3.266629	35.932922	0.217592
406094.518419	3.267625	153.906250	11.523437
406094.520422	3.267265	153.906250	11.523437
406094.522420	3.267282	35.940102	0.239394
406095.564506	3.265878	38.378906	-382.128906
406095.566515	3.267355	38.378906	-382.128906
406095.568520	3.267042	38.378906	-382.128906
406095.572519	3.266869	35.935555	0.243126
406096.613463	3.266227	154.492187	10.937500
406096.615466	3.267319	154.492187	10.937500
406096.617466	3.266985	154.492187	10.937500
406096.619465	3.266903	35.935936	0.234162
406097.661490	3.265649	26.855469	-401.953125
406097.663492	3.267464	26.855469	-401.953125
406097.665493	3.267244	26.855469	-401.953125
406097.667500	3.266958	35.936539	0.203412
406098.710430	3.266248	150.683594	10.839844
406098.712432	3.267412	150.683594	10.839844
406098.714432	3.267120	150.683594	10.839844
406098.716431	3.266942	35.936363	0.207968
406099.726922	3.266700	25.390625	-402.734375
406099.728921	3.267201	25.390625	-402.734375
406099.730921	3.266771	25.390625	-402.734375
406099.732920	3.266698	35.933678	0.311232
406100.774999	3.266449	164.746094	8.300781
406100.777002	3.267346	164.746094	8.300781
406100.779003	3.267359	164.746094	8.300781
406100.781001	3.266973	35.936707	0.281971
406101.823103	3.265973	19.531250	-415.234375
406101.825109	3.267460	19.531250	-415.234375
406101.827105	3.267199	19.531250	-415.234375
406101.829105	3.267128	35.938408	0.217600
406102.871638	3.265760	162.890625	7.031250
406102.873640	3.267259	162.890625	7.031250
406102.875639	3.266990	162.890625	7.031250
406102.877639	3.266822	35.935040	0.239154
406103.887650	3.266257	22.363281	-410.937500
406103.889653	3.267362	22.363281	-410.937500
406103.891656	3.267138	22.363281	-410.937500
406103.893657	3.266959	35.936550	0.262419
406104.971711	3.267319	156.835937	6.738281
406104.973716	3.266836	156.835937	6.738281
406104.975714	3.266786	35.934643	0.219295
406105.985746	3.267354	19.824219	-416.601562
406105.987746	3.267661	19.824219	-416.601562
406105.989749	3.267618	19.824219	-416.601562
406105.991751	3.267267	35.939941	0.394034
406107.066683	3.266975	156.542969	6.054687
406107.068685	3.267590	156.542969	6.054687
406107.072684	3.267135	156.542969	6.054687
406107.074685	3.267210	35.939304	0.189692
406108.084707	3.267299	9.863281	-432.812500
406108.086709	3.267076	9.863281	-432.812500
406108.090708	3.266883	35.935715	0.236898
406109.130785	3.266318	160.058594	5.078125
406109.134784	3.267008	160.058594	5.078125
406109.136785	3.266903	160.058594	5.078125
406109.138785	3.266848	35.935326	0.241321
406110.146827	3.266593	18.554687	-420.214844
406110.148829	3.267447	18.554687	-420.214844
406110.150827	3.266919	18.554687	-420.214844
406110.152828	3.266810	35.934910	0.256248
406111.226829	3.264225	157.128906	6.054687
406111.228833	3.267003	157.128906	6.054687
406111.230833	3.267197	157.128906	6.054687
406111.232834	3.266822	157.128906	6.054687
406111.234833	3.266856	35.935413	0.205637
406112.242863	3.264505	15.332031	-426.367187
406112.244866	3.267032	15.332031	-426.367187
406112.246865	3.267069	15.332031	-426.367187
406112.250863	3.266695	35.933640	0.231061
406113.292901	3.267447	161.035156	6.347656
406113.294902	3.267604	161.035156	6.347656
406113.296903	3.267350	161.035156	6.347656
406113.298903	3.267290	35.940193	0.265588
406114.340941	3.266337	11.328125	-431.738281
406114.342943	3.267232	11.328125	-431.738281
406114.344944	3.266917	11.328125	-431.738281
406114.346952	3.266808	35.934891	0.196016
406115.389026	3.265972	159.863281	8.203125
406115.391027	3.267602	159.863281	8.203125
406115.393025	3.267354	159.863281	8.203125
406115.395027	3.267165	35.938816	0.232018
406116.405581	3.266539	20.312500	-415.722656
406116.407583	3.267200	20.312500	-415.722656
406116.409583	3.266843	20.312500	-415.722656
406116.411583	3.266787	35.934654	0.250874
406117.485623	3.264893	147.949219	10.742187
406117.489624	3.267669	147.949219	10.742187
406117.491628	3.267398	147.949219	10.742187
406117.493625	3.267485	35.942333	0.191025
406118.501680	3.265484	20.410156	-416.015625
406118.503680	3.267598	20.410156	-416.015625
406118.505680	3.267433	20.410156	-416.015625
406118.507682	3.267260	35.939865	0.232534
406119.551715	3.266835	149.218750	12.011719
406119.553717	3.267180	149.218750	12.011719
406119.555718	3.266775	149.218750	12.011719
406119.559716	3.266788	35.934669	0.238319
406120.599788	3.266999	24.218750	-409.960937
406120.601790	3.267651	24.218750	-409.960937
406120.603791	3.267254	24.218750	-409.960937
406120.605790	3.267105	35.938152	0.203367
406121.614335	3.264303	153.515625	12.402344
406121.616341	3.266953	153.515625	12.402344
406121.618345	3.267058	153.515625	12.402344
406121.620347	3.266819	35.935005	0.275280
406122.696439	3.265759	26.757812	-408.886719
406122.698441	3.267269	26.757812	-408.886719
406122.700439	3.266953	26.757812	-408.886719
406122.702439	3.266858	35.935440	0.192049
406123.712510	3.266839	150.683594	12.597656
406123.714511	3.267843	150.683594	12.597656
406123.716513	3.267452	150.683594	12.597656
406123.718511	3.267317	35.940483	0.229797
406124.793125	3.265208	28.906250	-407.812500
406124.795128	3.265302	28.906250	-407.812500
406124.799126	3.266832	28.906250	-407.812500
406124.801127	3.266829	35.935123	0.177328
406125.779172	3.267260	150.585937	12.695312
406125.781174	3.266927	150.585937	12.695312
406125.783173	3.266894	35.935829	0.260278
406126.857240	3.264562	39.160156	-392.382812
406126.859244	3.267118	39.160156	-392.382812
406126.861243	3.267304	39.160156	-392.382812
406126.863243	3.266974	35.936718	0.234558
406127.873289	3.265086	147.460937	11.621094
406127.875289	3.267301	147.460937	11.621094
406127.877288	3.267099	147.460937	11.621094
406127.879290	3.266870	35.935574	0.235870
406128.955340	3.266276	36.035156	-397.070312
406128.957341	3.267356	36.035156	-397.070312
406128.959341	3.267398	36.035156	-397.070312
406128.961342	3.266959	35.936550	0.204197
406129.971410	3.266378	147.265625	10.742187
406129.973414	3.267212	147.265625	10.742187
406129.977411	3.266761	147.265625	10.742187
406129.979412	3.266752	35.934269	0.196639
406131.052051	3.265643	33.691406	-398.339844
406131.054053	3.267464	33.691406	-398.339844
406131.056055	3.267514	33.691406	-398.339844
406131.058054	3.267030	35.937328	0.185860
406132.036089	2.927473	153.710937	9.667969
406132.038090	3.267399	153.710937	9.667969
406132.040091	3.267054	153.710937	9.667969
406132.042092	3.267072	35.937790	0.259916
406133.116222	3.265280	40.625000	-386.523437
406133.118224	3.267345	40.625000	-386.523437
406133.120223	3.267218	40.625000	-386.523437
406133.122225	3.267011	35.937122	0.236312
406134.132855	3.266511	147.460937	9.179687
406134.134855	3.267444	147.460937	9.179687
406134.136855	3.267102	147.460937	9.179687
406134.138855	3.267033	35.937363	0.224508
406135.214941	3.267126	32.617187	-396.582031
406135.216941	3.267370	32.617187	-396.582031
406135.218942	3.266998	32.617187	-396.582031
406135.220943	3.266957	35.936523	0.452235
406136.196969	3.266260	158.007812	8.789062
406136.198970	3.267372	158.007812	8.789062
406136.200969	3.266986	158.007812	8.789062
406136.202970	3.266800	35.934803	0.269919
406137.315072	3.267063	32.226562	-397.656250
406137.317075	3.266877	32.226562	-397.656250
406137.319075	3.266825	35.935078	0.182864
406138.293616	3.265938	154.003906	9.667969
406138.295619	3.267745	154.003906	9.667969
406138.297619	3.267647	154.003906	9.667969
406138.299618	3.267326	35.940590	0.232230
406139.376173	3.267064	35.449219	-394.531250
406139.378182	3.267494	35.449219	-394.531250
406139.380180	3.267172	35.449219	-394.531250
406139.382178	3.267047	35.937523	0.279013
406140.396240	3.266995	141.308594	11.425781
406140.398244	3.266953	35.936478	0.456390
406141.472294	3.265829	33.789062	-400.292969
406141.474296	3.267224	33.789062	-400.292969
406141.476298	3.267040	33.789062	-400.292969
406141.478296	3.266967	35.936638	0.186022
406142.456336	3.267338	151.074219	12.792969
406142.460336	3.267378	151.074219	12.792969
406142.462339	3.267266	151.074219	12.792969
406142.464340	3.267203	35.939236	0.290243
406143.536355	3.265108	36.132812	-397.167969
406143.538356	3.267236	36.132812	-397.167969
406143.540357	3.267119	36.132812	-397.167969
406143.542356	3.266937	35.936310	0.226003
406144.552450	3.265499	146.289062	13.671875
406144.554451	3.267176	146.289062	13.671875
406144.556451	3.267024	146.289062	13.671875
406144.558453	3.267017	35.937187	0.240248
406145.634475	3.266348	29.003906	-405.664062
406145.636476	3.267210	29.003906	-405.664062
406145.638476	3.266956	29.003906	-405.664062
406145.640476	3.266732	35.934048	0.193181
406146.650506	3.266961	139.550781	15.136719
406146.652507	3.267525	139.550781	15.136719
406146.654506	3.267178	139.550781	15.136719
406146.658504	3.267134	35.938469	0.215017
406147.698525	3.265829	29.785156	-403.808594
406147.700526	3.267086	29.785156	-403.808594
406147.702526	3.266819	29.785156	-403.808594
406147.704527	3.266660	35.933258	0.240560
406148.746590	3.265358	141.601562	14.355469
406148.748593	3.267447	141.601562	14.355469
406148.750591	3.267471	141.601562	14.355469
406148.752594	3.267143	35.938580	0.193682
406149.795186	3.265302	19.726562	-416.699219
406149.797189	3.267210	19.726562	-416.699219
406149.799188	3.267051	19.726562	-416.699219
406149.801190	3.266907	35.935978	0.200449
406150.817226	3.266996	153.027344	13.964844
406150.819228	3.266981	35.936787	0.258279
406151.859331	3.264954	23.828125	-406.933594
406151.861333	3.267495	23.828125	-406.933594
406151.863331	3.267503	23.828125	-406.933594
406151.865331	3.267226	35.939491	0.233716
406152.909389	3.266688	151.171875	12.597656
406152.911393	3.267189	151.171875	12.597656
406152.913391	3.266857	151.171875	12.597656
406152.915393	3.266791	35.934704	0.245882
406153.959397	3.267727	8.203125	-429.882812
406153.961398	3.267732	8.203125	-429.882812
406153.963399	3.267284	35.940128	0.204662
406155.007462	3.267661	144.921875	11.718750
406155.009466	3.267434	144.921875	11.718750
406155.011465	3.267322	35.940544	0.205226
406156.021522	3.265923	14.746094	-420.996094
406156.023523	3.267246	14.746094	-420.996094
406156.025526	3.266977	14.746094	-420.996094
406156.027525	3.266906	35.935963	0.249887
406157.103586	3.267294	143.945312	11.035156
406157.105585	3.267724	143.945312	11.035156
406157.107585	3.267345	143.945312	11.035156
406157.109585	3.267313	35.940437	0.184446
406158.117663	3.263716	11.914062	-425.781250
406158.119666	3.267225	11.914062	-425.781250
406158.121666	3.267542	11.914062	-425.781250
406158.123667	3.267516	11.914062	-425.781250
406158.125666	3.267112	35.938232	0.221003
406159.169716	3.267372	149.316406	9.863281
406159.171718	3.267085	149.316406	9.863281
406159.173719	3.267041	35.937450	0.238148
406160.215802	3.266343	8.789062	-431.933594
406160.217805	3.267507	8.789062	-431.933594
406160.219803	3.267237	8.789062	-431.933594
406160.221804	3.267060	35.937656	0.193281
406161.266352	3.267348	147.558594	10.156250
406161.268354	3.267027	147.558594	10.156250
406161.270355	3.266945	35.936398	0.199984
406162.282440	3.267304	15.917969	-423.437500
406162.286440	3.266904	15.917969	-423.437500
406162.288444	3.266810	35.934910	0.242857
406163.329000	3.266524	154.394531	10.937500
406163.331003	3.267348	154.394531	10.937500
406163.334999	3.266953	154.394531	10.937500
406163.337001	3.266911	35.936016	0.259372
406164.377042	3.265624	10.546875	-430.273437
406164.379042	3.267277	10.546875	-430.273437
406164.381040	3.267120	10.546875	-430.273437
406164.383041	3.266830	35.935131	0.211778
406165.425096	3.264380	149.121094	12.207031
406165.427101	3.267283	149.121094	12.207031
406165.429103	3.267480	149.121094	12.207031
406165.433101	3.267106	35.938160	0.224599
406166.475193	3.266678	8.496094	-431.542969
406166.477192	3.267262	8.496094	-431.542969
406166.479195	3.266977	8.496094	-431.542969
406166.481201	3.266899	35.935894	0.177871
406167.525281	3.267510	143.945312	13.769531
406167.527283	3.267164	143.945312	13.769531
406167.529282	3.267017	35.937187	0.190591
406168.539295	3.266403	13.183594	-423.632812
406168.541297	3.267298	13.183594	-423.632812
406168.543295	3.266940	13.183594	-423.632812
406168.545297	3.266937	35.936310	0.235803
406169.589376	3.267203	141.601562	15.527344
406169.591379	3.266928	141.601562	15.527344
406169.593379	3.266809	35.934898	0.235445
406170.635398	3.264524	13.574219	-423.730469
406170.637400	3.264705	13.574219	-423.730469
406170.639398	3.267139	13.574219	-423.730469
406170.641399	3.266789	35.934677	0.201002
406171.683468	3.263263	138.183594	16.601562
406171.685466	3.267002	138.183594	16.601562
406171.689465	3.267015	138.183594	16.601562
406171.691467	3.266897	138.183594	16.601562
406171.693468	3.266948	35.936424	0.203483
406172.733512	3.266709	18.457031	-416.894531
406172.735514	3.267514	18.457031	-416.894531
406172.737515	3.267082	18.457031	-416.894531
406172.739514	3.267106	35.938160	0.187585
406173.748075	3.263891	140.722656	16.992187
406173.750075	3.267113	140.722656	16.992187
406173.752080	3.267256	140.722656	16.992187
406173.754079	3.266968	140.722656	16.992187
406173.756080	3.266928	35.936211	0.232672
406174.798084	3.266572	29.101562	-403.417969
406174.800086	3.267291	29.101562	-403.417969
406174.802089	3.266944	29.101562	-403.417969
406174.804088	3.266881	35.935688	0.250799
406175.848155	3.267250	137.207031	16.601562
406175.850158	3.266858	137.207031	16.601562
406175.854160	3.266740	35.934139	0.190257
406176.897106	3.267238	35.449219	-395.898437
406176.899108	3.266966	35.449219	-395.898437
406176.901108	3.266874	35.935608	0.234232
406177.909738	3.264439	139.453125	16.503906
406177.911768	3.267269	139.453125	16.503906
406177.913771	3.267226	139.453125	16.503906
406177.915770	3.266989	139.453125	16.503906
406177.917769	3.266946	35.936405	0.245799
406178.991827	3.265949	31.445312	-400.000000
406178.993827	3.267483	31.445312	-400.000000
406178.995826	3.267221	31.445312	-400.000000
406178.997827	3.267092	35.938011	0.200014
406180.007862	3.266582	135.058594	15.527344
406180.009866	3.267833	135.058594	15.527344
406180.011867	3.267477	135.058594	15.527344
406180.013870	3.267333	35.940662	0.201275
