num crossings	time (s)	maj axis (mm)	min axis (mm)	theta (rad )	slope (V/s)
8261	9193.773077	33.327283	14.351522	2.831661	3.585583
8263	9195.850681	31.962795	13.628731	2.901136	2.868774
8265	9197.930580	33.291962	14.420132	2.838273	4.364806
8267	9200.010032	33.457089	14.058340	2.834831	3.497620
8269	9202.098021	33.638960	13.972623	2.836180	3.042853
8271	9204.173150	33.620747	13.907157	2.833995	4.246667
8273	9206.260039	33.572279	13.511905	2.839042	3.378609
8275	9208.343716	34.916362	14.091651	2.842158	3.945934
8277	9210.428196	33.552686	13.949382	2.840179	3.256020
8279	9212.505160	40.888281	16.465571	2.794252	4.225368
8281	9214.587734	34.138434	13.796260	2.846291	3.932914
8283	9216.672601	33.984774	13.806061	2.855768	3.763953
8285	9218.758988	34.170012	13.437884	2.846674	3.463157
8287	9220.834261	34.189444	13.583434	2.853816	4.408830
8289	9222.918152	34.242488	15.683384	2.824753	3.648883
8291	9224.998362	34.234690	13.275585	2.850600	4.339463
8293	9227.080825	34.146252	13.081461	2.843922	3.717912
8295	9229.164617	34.374144	13.124936	2.850009	3.685197
8297	9231.242446	33.555491	16.519031	2.818064	4.303404
8299	9233.326182	34.403453	12.745410	2.842048	4.071244
8301	9235.407840	34.290057	12.666124	2.841532	3.766911
8303	9237.489970	34.924238	12.363703	2.776491	3.834514
8305	9239.568811	34.586795	12.803945	2.854646	4.527423
8307	9241.653916	38.809441	14.408563	2.838891	3.928355
8309	9243.737495	34.594764	12.847280	2.856877	3.886902
8311	9245.820179	34.158575	17.425842	2.860547	4.361732
8313	9247.903870	36.010117	12.733331	2.858957	4.536905
8315	9249.984684	34.883278	12.531028	2.855374	4.485790
8317	9252.069272	35.365081	12.638908	2.866790	4.523207
8319	9254.154570	34.021033	17.268168	2.876310	4.219995
8321	9256.231015	37.197017	12.878887	2.757849	4.373646
8323	9258.317459	34.659527	11.790473	2.844944	4.712564
8325	9260.405172	35.813302	11.843660	2.797323	4.152777
8327	9262.483958	37.022523	11.461855	2.797839	4.245914
8329	9264.566913	34.968344	11.714579	2.850681	4.429440
8331	9266.647867	34.908482	11.659215	2.849757	4.412293
8333	9268.730219	35.649429	11.452017	2.794575	4.260974
8335	9270.809717	34.705458	11.547508	2.847440	4.663806
8337	9272.893715	35.521997	12.017404	2.865126	4.582906
8339	9274.977917	34.763837	12.031649	2.870940	4.501445
8341	9277.058400	35.335715	11.623921	2.864852	4.548243
8343	9279.139381	35.412478	11.827699	2.863263	4.792209
8345	9281.221848	35.810146	11.575042	2.871104	4.656677
8347	9283.304461	36.040427	11.846820	2.879205	4.694185
8349	9285.385712	35.465939	13.257068	2.914488	4.705116
8351	9287.469062	36.715946	11.605985	2.867432	4.845599
8353	9289.548585	35.725348	15.954226	2.866516	4.881050
8355	9291.630350	35.987704	11.325383	2.877415	4.777235
8357	9293.712017	35.855277	11.161638	2.872234	4.696335
8359	9295.795284	36.128341	10.761120	2.792019	4.674545
8361	9297.876489	36.109497	11.147676	2.876515	4.997914
8363	9299.959191	36.080708	10.989135	2.877070	4.800826
8365	9302.041757	36.207651	11.035402	2.879058	4.966595
8367	9304.122573	36.234349	11.136418	2.887011	4.939358
8369	9306.206274	35.381354	15.413430	2.843942	5.040545
8371	9308.288319	36.328655	10.583341	2.872671	4.975444
8373	9310.372617	37.349108	10.758758	2.875879	4.888842
8375	9312.454264	35.155483	15.198680	2.860104	5.137091
8377	9314.534282	36.865857	10.301166	2.805375	5.026595
8379	9316.617682	36.616332	10.216270	2.874429	5.129269
8381	9318.698650	36.988082	10.233715	2.815612	5.128824
8383	9320.775602	37.000292	10.423615	2.813061	5.196796
8385	9322.862028	36.843286	10.412178	2.888801	5.694336
8387	9324.945163	38.108036	11.173511	2.883992	5.277895
8389	9327.027213	36.927258	10.312951	2.888001	5.154581
8391	9329.109431	36.908963	10.482193	2.897817	5.231876
8393	9331.191005	37.314636	9.838626	2.897298	5.205168
8395	9333.274480	37.691141	9.818902	2.819378	5.258208
8397	9335.357231	37.106367	10.028382	2.889594	5.397827
8399	9337.438726	32.454702	11.582054	2.893166	5.288471
8401	9339.523485	37.272428	9.902555	2.890520	5.406719
8403	9341.602086	37.323410	9.862620	2.891708	5.448023
8405	9343.685518	37.907815	10.064571	2.898857	5.645391
8407	9345.767707	37.582161	9.736785	2.893402	5.398452
8409	9347.851224	37.965815	9.914859	2.900777	5.396205
8411	9349.931098	37.860809	9.480249	2.895025	5.247714
8413	9352.014254	38.043005	9.331563	2.819433	5.664535
8415	9354.095248	37.737203	9.531172	2.897771	5.638366
8417	9356.175764	37.984047	9.471124	2.898601	6.171280
8419	9358.257843	38.115872	9.622983	2.905879	5.694587
8421	9360.341292	37.898050	9.352289	2.901434	5.564249
8423	9362.423142	33.779919	14.433903	2.860518	6.043882
8425	9364.506290	38.310606	9.072403	2.822267	5.901337
8427	9366.584420	37.942308	8.961591	2.893243	6.109792
8429	9368.669562	38.168598	9.148838	2.902263	6.059345
8431	9370.751557	38.074683	9.013081	2.899163	5.593409
8433	9372.834635	39.123085	9.167120	2.902611	5.991575
8435	9374.917743	39.318545	13.886495	2.913849	5.945084
8437	9376.999565	38.381141	8.792832	2.823925	6.025873
8439	9379.082475	37.933547	8.548256	2.895046	6.103632
8441	9381.165892	38.203430	8.423877	2.896321	5.854397
8443	9383.247017	37.568237	8.477730	2.893937	6.044120
8445	9385.331172	38.244466	8.332074	2.893893	6.240424
8447	9387.413108	38.990354	8.173814	2.843422	5.886986
8449	9389.494942	38.997749	8.493509	2.836435	6.094431
8451	9391.576431	38.668789	8.512351	2.908406	6.074649
8453	9393.659558	37.404896	9.268838	2.944636	6.103874
8455	9395.741010	39.572885	8.641740	2.907261	6.143963
8457	9397.823207	38.285252	8.273517	2.903934	6.183081
8459	9399.906675	39.015091	8.305725	2.908499	6.616950
8461	9401.988659	39.310508	8.440701	2.911448	6.048191
8463	9404.070451	39.249762	8.417419	2.912635	6.372719
8465	9406.152879	39.872602	8.399562	2.916212	6.173049
8467	9408.235454	39.351252	8.037583	2.912535	6.580325
8469	9410.317598	39.272229	8.216563	2.922092	6.416382
8471	9412.400165	39.300565	8.113123	2.913556	6.731796
8473	9414.480944	39.073237	7.774450	2.910174	6.369259
8475	9416.563982	40.302409	7.951519	2.907186	6.479669
8477	9418.644492	40.113220	7.982768	2.921480	6.572491
8479	9420.725971	39.326334	7.637270	2.911620	6.988294
8481	9422.809596	39.700750	7.701095	2.916961	6.404847
8483	9424.891388	39.758707	7.609458	2.913706	6.503372
8485	9426.972908	39.842048	7.565546	2.917598	6.448500
8487	9429.056392	39.982997	7.677022	2.921159	6.734532
8489	9431.138318	39.810234	7.378222	2.914217	6.643566
8491	9433.220269	39.980509	7.412407	2.919570	6.762760
8493	9435.302998	40.718420	10.967734	2.903183	6.868042
8495	9437.385012	40.199955	7.305252	2.921837	6.781494
8497	9439.468960	40.090047	7.159494	2.917645	6.728849
8499	9441.551178	40.299685	7.196260	2.919369	6.751684
8501	9443.633292	40.362941	7.145445	2.919912	6.935009
8503	9445.716620	41.356835	7.427774	2.929570	6.750636
8505	9447.798201	43.337327	10.648353	2.896921	6.886490
8507	9449.880777	40.386326	7.110361	2.908714	7.173850
8509	9451.963030	42.225052	6.676807	2.950407	6.926586
8511	9454.044275	40.395373	6.625384	2.915141	7.101481
8513	9456.125298	41.667466	7.005755	2.915386	7.162588
8515	9458.209920	40.397261	6.774670	2.919807	7.145855
8517	9460.293253	40.756119	6.664410	2.861146	7.161905
8519	9462.375033	40.770661	6.486137	2.918628	7.344919
8521	9464.456639	41.002546	6.528930	2.862728	6.823537
8523	9466.539099	39.670855	6.712106	2.915529	7.333315
8525	9468.619913	41.492438	6.741136	2.929293	7.169314
8527	9470.702992	41.192210	6.474341	2.926981	6.764556
8529	9472.784835	41.364789	6.677096	2.927769	7.004961
8531	9474.866472	41.666972	6.474474	2.926465	7.387271
8533	9476.949129	41.497882	8.378468	2.948478	7.567693
8535	9479.029695	40.846661	6.125282	2.925343	7.340345
8537	9481.113682	42.354147	6.083006	2.854897	7.383354
8539	9483.194667	41.667862	6.226446	2.850085	7.513113
8541	9485.276884	42.670470	6.219163	2.860693	7.346781
8543	9487.359049	41.799253	7.021139	2.848919	7.354401
8545	9489.439388	41.582791	6.066970	2.931157	7.294025
8547	9491.523167	42.057684	6.042814	2.930238	7.519946
8549	9493.606706	41.833993	5.946864	2.931509	7.641153
8551	9495.688587	42.813809	11.499123	2.919286	7.713997
8553	9497.771883	43.050081	5.896673	2.921486	7.452728
