time (s)	energy (uJ)	charge (mC)	voltage (mV)	crossing#mod 255
4051.863317	67.027466	0.035928	1.865606	35
4052.915352	74.065826	0.035930	2.061392	36
4053.949380	67.074142	0.035931	1.866744	37
4054.995446	72.064529	0.035931	2.005619	38
4056.029997	65.941513	0.035936	1.834990	39
4057.076561	72.329102	0.035937	2.012670	40
4058.108556	66.644073	0.035931	1.854798	41
4059.156626	73.910683	0.035934	2.056859	42
4060.195636	68.910805	0.035932	1.917789	43
4061.239692	73.603760	0.035932	2.048409	44
4062.272237	67.472092	0.035932	1.877755	45
4063.324286	73.264870	0.035933	2.038938	46
4064.354828	67.966454	0.035933	1.891486	47
4065.407249	74.314697	0.035935	2.068053	48
4066.434894	68.842567	0.035933	1.915858	49
4067.490927	74.779366	0.035937	2.080871	50
4068.520979	69.830299	0.035934	1.943282	51
4069.569498	73.921829	0.035934	2.057171	52
4070.597579	69.348709	0.035934	1.929888	53
4071.651639	73.949699	0.035931	2.058131	54
4072.686202	71.160881	0.035934	1.980348	55
4073.736766	73.775597	0.035933	2.053132	56
4074.766803	70.646240	0.035931	1.966163	57
4075.816896	74.095116	0.035934	2.061973	58
4076.844965	69.749573	0.035930	1.941245	59
4077.895019	73.533981	0.035932	2.046469	60
4078.929966	71.540504	0.035935	1.990807	61
4079.980017	73.424149	0.035933	2.043388	62
4081.012561	70.407112	0.035934	1.959334	63
4082.062594	73.691177	0.035936	2.050597	64
4083.094640	71.328766	0.035936	1.984895	65
4084.141536	74.429855	0.035933	2.071379	66
4085.174060	71.717422	0.035929	1.996108	67
4086.228127	75.528595	0.035937	2.101716	68
4087.256987	71.759659	0.035939	1.996721	69
4088.306735	71.948265	0.035934	2.002212	70
4089.339720	71.286552	0.035936	1.983712	71
4090.387776	74.786621	0.035929	2.081502	72
4091.422404	72.414070	0.035935	2.015161	73
4092.472471	76.297951	0.035932	2.123422	74
4093.502506	72.325294	0.035934	2.012724	75
4094.553466	76.680222	0.035936	2.133781	76
4095.583149	72.023125	0.035935	2.004284	77
4096.633980	76.908699	0.035935	2.140210	78
4097.665757	72.158852	0.035931	2.008235	79
4098.715864	77.441200	0.035931	2.155270	80
4099.747982	71.674377	0.035934	1.994638	81
4100.798986	77.145531	0.035938	2.146654	82
4101.830988	71.490662	0.035932	1.989614	83
4102.877886	77.379883	0.035929	2.153716	84
4103.911923	71.750587	0.035931	1.996874	85
4104.961934	77.999352	0.035937	2.170455	86
4105.996417	71.906738	0.035935	2.001043	87
4107.044413	78.296898	0.035935	2.178873	88
4108.078468	72.378578	0.035935	2.014175	89
4109.124488	77.905457	0.035936	2.167899	90
4110.160520	72.482094	0.035931	2.017266	91
4111.206569	79.364876	0.035931	2.208832	92
4112.240957	73.020958	0.035935	2.032027	93
4113.288721	78.396553	0.035936	2.181575	94
4114.320761	71.879288	0.035927	2.000698	95
4115.371326	78.498360	0.035936	2.184381	96
4116.405327	71.983788	0.035934	2.003249	97
4117.450346	77.339249	0.035939	2.151933	98
4118.484877	73.420830	0.035935	2.043134	99
4119.532917	78.228455	0.035934	2.176985	100
4120.568976	74.359169	0.035934	2.069312	101
4121.617017	78.689095	0.035936	2.189682	102
4122.649546	73.772141	0.035936	2.052870	103
4123.697641	77.911903	0.035936	2.168073	104
4124.730603	74.000351	0.035933	2.059384	105
4125.780652	78.370926	0.035932	2.181072	106
4126.812675	74.920525	0.035933	2.085005	107
4127.861666	77.538704	0.035932	2.157930	108
4128.891673	74.137711	0.035929	2.063422	109
4129.944034	77.733971	0.035933	2.163301	110
4130.975803	75.069008	0.035935	2.089015	111
4132.026347	77.655136	0.035933	2.161124	112
4133.058373	75.856682	0.035933	2.111058	113
4134.108487	77.861984	0.035935	2.166740	114
4135.138570	75.215393	0.035937	2.092968	115
4136.190568	78.321693	0.035935	2.179553	116
4137.221528	76.132256	0.035931	2.118839	117
4138.271528	77.924133	0.035931	2.168742	118
4139.303592	76.032234	0.035935	2.115826	119
4140.356598	79.160774	0.035933	2.203023	120
4141.385140	76.499008	0.035930	2.129107	121
4142.437174	78.592987	0.035933	2.187215	122
4143.465262	75.398056	0.035932	2.098370	123
4144.519307	78.705498	0.035934	2.190302	124
4145.547368	76.100105	0.035935	2.117687	125
4146.599734	78.618271	0.035937	2.187642	126
4147.629440	76.270363	0.035934	2.122506	127
4148.681471	79.361946	0.035930	2.208766	128
4149.709499	75.909447	0.035932	2.112558	129
4150.764084	79.313667	0.035931	2.207385	130
4151.792140	75.805290	0.035928	2.109913	131
4152.842150	79.318008	0.035929	2.207641	132
4153.876174	76.659508	0.035932	2.133435	133
4154.928702	81.140198	0.035934	2.258015	134
4155.959288	80.393082	0.035937	2.237056	135
4157.005335	78.627686	0.035935	2.188035	136
4158.036189	75.556046	0.035931	2.102796	137
4159.089856	80.194359	0.035930	2.231951	138
4160.122392	76.277634	0.035928	2.123049	139
4161.172433	81.015991	0.035931	2.254783	140
4162.202498	75.853317	0.035934	2.110888	141
4163.253048	80.940765	0.035935	2.252438	142
4164.285885	76.101936	0.035936	2.117734	143
4165.334172	82.122620	0.035932	2.285499	144
4166.372771	76.331932	0.035936	2.124098	145
4167.414778	82.296692	0.035937	2.290018	146
4168.451356	77.539330	0.035928	2.158196	147
4169.493693	83.211388	0.035934	2.315695	148
4170.535458	78.434685	0.035934	2.182769	149
4171.580035	84.547798	0.035933	2.352909	150
4172.616969	78.566475	0.035933	2.186448	151
4173.658686	83.170021	0.035938	2.314258	152
4174.699245	79.956352	0.035940	2.224732	153
4175.741786	84.402733	0.035931	2.349023	154
4176.782313	80.581352	0.035934	2.242507	155
4177.822611	84.003662	0.035937	2.337544	156
4178.862358	80.908028	0.035930	2.251824	157
4179.902792	85.027000	0.035935	2.366122	158
4180.944447	80.950302	0.035933	2.252810	159
4181.988416	83.634933	0.035927	2.327886	160
4183.028502	80.972404	0.035929	2.253683	161
4184.068547	84.417778	0.035933	2.349307	162
4185.106571	80.390915	0.035932	2.237294	163
4186.148627	83.750023	0.035933	2.330736	164
4187.191223	81.626198	0.035932	2.271661	165
4188.231753	83.684151	0.035933	2.328877	166
4189.271774	80.642998	0.035932	2.244311	167
4190.314275	84.422806	0.035934	2.349383	168
4191.354797	81.707542	0.035937	2.273643	169
4192.393349	83.591942	0.035930	2.326490	170
4193.437419	81.766167	0.035933	2.275505	171
4194.477430	84.290367	0.035932	2.345853	172
4195.516016	81.515503	0.035929	2.268799	173
4196.560605	87.894295	0.035937	2.445780	174
4197.598697	81.830544	0.035933	2.277315	175
4198.641290	84.511177	0.035934	2.351876	176
4199.681876	82.328125	0.035932	2.291204	177
4200.721974	84.562393	0.035933	2.353305	178
4201.762941	83.365990	0.035931	2.320164	179
4202.804965	85.495972	0.035932	2.379386	180
4203.843395	81.870773	0.035934	2.278340	181
4204.883073	84.950752	0.035932	2.364237	182
4205.929135	83.186363	0.035934	2.314956	183
4206.965653	83.740845	0.035931	2.330601	184
4208.008610	82.335396	0.035937	2.291129	185
4209.055167	88.923904	0.035938	2.474372	186
4210.091736	82.285934	0.035935	2.289866	187
4211.131785	86.760109	0.035936	2.414297	188
4212.172340	82.225082	0.035934	2.288243	189
4213.212876	86.559654	0.035936	2.408697	190
4214.253422	81.980209	0.035933	2.281483	191
4215.289952	84.825958	0.035934	2.360627	192
4216.342017	84.273567	0.035933	2.345265	193
4217.374631	86.405190	0.035932	2.404658	194
4218.420655	82.529945	0.035936	2.296573	195
4219.454967	87.226425	0.035935	2.427337	196
4220.499177	81.905098	0.035931	2.279479	197
4221.536162	86.202385	0.035928	2.399279	198
4222.584270	82.401024	0.035934	2.293145	199
4223.622269	87.817085	0.035935	2.443791	200
4224.666329	83.334404	0.035936	2.318978	201
4225.702402	87.185013	0.035929	2.426561	202
4226.746377	83.125412	0.035932	2.313414	203
4227.784408	87.499420	0.035933	2.435062	204
4228.826955	83.447784	0.035932	2.322393	205
4229.865489	85.360435	0.035931	2.375686	206
4230.909544	84.454094	0.035939	2.349922	207
4231.947592	86.970161	0.035928	2.420702	208
4232.989958	83.577957	0.035931	2.326066	209
4234.029755	87.653381	0.035935	2.439234	210
4235.071810	84.921494	0.035931	2.363464	211
4236.112357	89.854767	0.035933	2.500633	212
4237.154404	84.433060	0.035934	2.349648	213
4238.194461	87.272774	0.035928	2.429104	214
4239.236463	84.540939	0.035929	2.352982	215
4240.280480	88.933578	0.035933	2.474953	216
4241.318512	85.425385	0.035930	2.377553	217
4242.358863	87.786377	0.035934	2.442967	218
4243.398678	84.335121	0.035935	2.346880	219
4244.438771	86.922401	0.035933	2.419018	220
4245.481176	85.004631	0.035935	2.365513	221
4246.520914	87.066307	0.035929	2.423284	222
4247.565013	85.283005	0.035932	2.373467	223
4248.603051	87.025131	0.035931	2.421980	224
4249.646007	85.435570	0.035936	2.377414	225
4250.686088	87.817886	0.035932	2.444003	226
4251.726118	85.047211	0.035933	2.366844	227
4252.768155	86.856293	0.035939	2.416771	228
4253.810704	87.279030	0.035931	2.429107	229
4254.850709	87.893051	0.035935	2.445916	230
4255.888771	85.533813	0.035937	2.380097	231
4256.931114	86.881142	0.035931	2.418001	232
4257.974840	85.987198	0.035932	2.393041	233
4259.014859	91.569382	0.035931	2.548446	234
4260.055212	87.092552	0.035934	2.423714	235
4261.094967	88.539757	0.035928	2.464339	236
4262.139073	87.490120	0.035932	2.434862	237
4263.177113	89.338730	0.035933	2.486241	238
4264.219129	85.698975	0.035933	2.384959	239
4265.259199	88.768082	0.035931	2.470519	240
4266.301212	86.923218	0.035933	2.419050	241
4267.338156	89.310806	0.035929	2.485730	242
4268.380227	85.818481	0.035928	2.388620	243
4269.422288	90.505051	0.035936	2.518533	244
4270.462356	86.158325	0.035928	2.398064	245
4271.502408	89.754837	0.035933	2.497813	246
4272.548466	86.925438	0.035937	2.418843	247
4273.585052	89.957169	0.035929	2.503742	248
4274.627122	85.842392	0.035935	2.388814	249
4275.663160	87.711823	0.035929	2.441239	250
4276.709766	86.018715	0.035936	2.393690	251
4277.748707	89.800537	0.035936	2.498896	252
4278.792728	86.599770	0.035937	2.409781	253
4279.828778	89.923271	0.035927	2.502930	254
4280.870833	85.047760	0.035930	2.367061	255
4281.908833	88.763527	0.035934	2.470202	0
4282.956895	87.211723	0.035935	2.426901	1
4283.992981	89.939041	0.035931	2.503110	2
4285.039004	87.491264	0.035932	2.434922	3
4286.075520	90.423714	0.035936	2.516228	4
4287.121603	88.301521	0.035935	2.457289	5
4288.157737	90.673805	0.035935	2.523249	6
4289.197766	86.948822	0.035932	2.419782	7
4290.238709	89.551064	0.035934	2.492104	8
4291.280771	87.540733	0.035934	2.436181	9
4292.321324	89.679710	0.035925	2.496285	10
4293.362306	87.765907	0.035936	2.442296	11
4294.404362	90.022774	0.035937	2.505047	12
4295.444429	87.640739	0.035935	2.438839	13
4296.485032	89.446373	0.035936	2.489024	14
4297.527582	87.983215	0.035937	2.448269	15
4298.565585	87.619102	0.035931	2.438528	16
4299.610166	103.162323	0.035940	2.870409	17
4300.650217	89.747841	0.035934	2.497562	18
4301.690305	88.243042	0.035933	2.455761	19
4302.729270	88.885841	0.035928	2.474002	20
4303.771625	88.357590	0.035935	2.458798	21
4304.815308	143.205612	0.035937	3.984949	22
4305.854136	89.164864	0.035934	2.481349	23
4306.893915	89.530273	0.035931	2.491748	24
4307.938002	89.736740	0.035928	2.497653	25
4308.976086	89.210182	0.035932	2.482769	26
4310.018128	88.819115	0.035936	2.471623	27
4311.060153	90.684662	0.035939	2.523271	28
4312.100200	89.034599	0.035934	2.477703	29
4313.138617	90.575882	0.035933	2.520696	30
4314.182361	89.169769	0.035934	2.481477	31
4315.223009	91.086678	0.035938	2.534524	32
4316.265557	90.226067	0.035932	2.511017	33
4317.303620	90.790367	0.035935	2.526525	34
4318.345637	89.853271	0.035936	2.500347	35
4319.383652	90.765991	0.035936	2.525784	36
4320.426005	88.431236	0.035934	2.460909	37
4321.465741	89.667290	0.035933	2.495426	38
4322.509795	89.547302	0.035933	2.492097	39
4323.548763	91.741745	0.035931	2.553262	40
4324.592824	89.655380	0.035933	2.495090	41
4325.628898	91.109550	0.035931	2.535653	42
4326.673868	88.897385	0.035939	2.473568	43
4327.710449	90.985466	0.035931	2.532224	44
4328.755403	88.269844	0.035935	2.456402	45
4329.795384	92.603134	0.035932	2.577194	46
4330.837411	89.404465	0.035929	2.488334	47
4331.873459	91.132423	0.035929	2.536436	48
4332.922017	90.005226	0.035934	2.504760	49
4333.954829	91.100838	0.035935	2.535133	50
4335.000593	88.952866	0.035933	2.475507	51
4336.038670	91.946373	0.035932	2.558925	52
4337.082712	88.720688	0.035929	2.469323	53
4338.121185	92.538567	0.035931	2.575483	54
4339.165216	90.559685	0.035931	2.520409	55
4340.205265	92.248459	0.035936	2.567052	56
4341.249288	90.917519	0.035934	2.530102	57
4342.283356	91.635292	0.035935	2.550062	58
4343.327926	90.220863	0.035934	2.510745	59
4344.366496	92.354942	0.035931	2.570376	60
4345.408566	89.985970	0.035933	2.504238	61
4346.448600	92.458954	0.035930	2.573305	62
4347.490614	90.361557	0.035935	2.514567	63
4348.530898	92.268700	0.035936	2.567607	64
4349.572693	94.398445	0.035934	2.626999	65
4350.614720	92.437492	0.035933	2.572512	66
4351.652749	90.325378	0.035936	2.513484	67
4352.692849	91.276794	0.035929	2.540462	68
4353.736882	88.511246	0.035936	2.462991	69
4354.775255	91.998589	0.035939	2.559885	70
4355.817025	90.402084	0.035936	2.515611	71
4356.859089	92.584579	0.035937	2.576336	72
4357.901177	91.410553	0.035936	2.543687	73
4358.943240	92.594261	0.035933	2.576842	74
4359.979566	90.401588	0.035933	2.515833	75
4361.023353	92.701561	0.035933	2.579874	76
4362.063373	91.242187	0.035937	2.538936	77
4363.101924	91.628922	0.035929	2.550297	78
4364.146466	90.982147	0.035934	2.531948	79
4365.184512	92.175491	0.035931	2.565312	80
4366.228581	91.117950	0.035932	2.535827	81
4367.268599	94.154648	0.035930	2.620483	82
4368.310712	92.319183	0.035937	2.568942	83
4369.349263	92.045494	0.035935	2.561467	84
